1.0113889 0.0944205 0.0959223 0.0991062 0.0638138 0.0384008 -0.0118096 -0.0056232 -0.0197062 -0.0531014 0.0582978 0.0827176 -0.0665276 -0.0656153 -0.0418150 -0.0542194 -0.0160090 -0.0540787 -0.0522670 -0.0495339 -0.0611581 -0.0686985 -0.0650024 -0.0682692 -0.0544061 0.0451518 0.0413476 0.0004762 0.0140555 -0.0143616 -0.0223592 0.0373703 0.0435576 0.0613957 0.0345729 -0.0031669 -0.0477284 -0.0285371 -0.0815888 0.0189992 0.0245748 0.0420576 0.0206118 -0.0356120 0.0220070 0.0909179 -0.0059185 0.0451106 0.0553758 0.0395987 0.0223080 0.0105716 0.0110172 -0.0217010 -0.0100375 0.0049960 -0.0236980 0.0089060 -0.0188622 -0.0150910 -0.0026504 -0.0587640 -0.0071978 0.0360080 -0.0295292 -0.0201499 0.0009470 -0.0168539 -0.0106011 -0.0272404 0.0076351 -0.0227842 -0.0392726 -0.0294538 0.0370180 0.0208090 0.0163821 0.0531827 0.0009781 -0.0668537 -0.0425755 -0.0399044 -0.0213763 -0.0319845 0.0249076 0.1066068 0.0967189 -0.0204321 0.0861254 0.0993512 -0.0301307 0.0411016 -0.0634906 0.0395552 0.0711709 0.0119664 -0.0299503 -0.0300378 -0.0610522 -0.0527755 -0.0151774 -0.0330660 -0.0136778 0.0009403 0.0007827 -0.0047364 0.0427633 -0.0341901
0.0944205 0.9938147 0.1045687 0.1099037 0.0698427 0.0428039 -0.0129830 -0.0046603 -0.0204736 -0.0570860 0.0651964 0.0917830 -0.0720262 -0.0725443 -0.0474664 -0.0584165 -0.0162061 -0.0593765 -0.0586290 -0.0527842 -0.0667331 -0.0775001 -0.0718919 -0.0748721 -0.0599461 0.0507200 0.0465506 -0.0019753 0.0148620 -0.0135047 -0.0237156 0.0414820 0.0478498 0.0687101 0.0401717 -0.0006114 -0.0490550 -0.0305538 -0.0858218 0.0226769 0.0280507 0.0449757 0.0218301 -0.0370584 0.0247562 0.1010515 -0.0076070 0.0502191 0.0623761 0.0452153 0.0252205 0.0131010 0.0120142 -0.0225835 -0.0091525 0.0068214 -0.0242389 0.0118355 -0.0200779 -0.0172166 -0.0021399 -0.0634665 -0.0083157 0.0403584 -0.0291883 -0.0210747 0.0016062 -0.0182890 -0.0103342 -0.0283463 0.0082791 -0.0233970 -0.0427159 -0.0320541 0.0393706 0.0223880 0.0176016 0.0599091 0.0034832 -0.0727758 -0.0449624 -0.0425683 -0.0207256 -0.0331004 0.0278753 0.1166659 0.1081232 -0.0209513 0.0944639 0.1108789 -0.0299219 0.0460048 -0.0671393 0.0436766 0.0773498 0.0162382 -0.0329284 -0.0318210 -0.0646844 -0.0576673 -0.0155741 -0.0324064 -0.0124465 0.0001749 0.0039033 -0.0047550 0.0477920 -0.0388646
0.0959223 0.1045687 0.9965618 0.1083184 0.0700012 0.0443944 -0.0141864 -0.0032556 -0.0229667 -0.0580851 0.0660028 0.0934459 -0.0714738 -0.0735147 -0.0460050 -0.0578067 -0.0173114 -0.0591693 -0.0575333 -0.0540894 -0.0628380 -0.0755459 -0.0699353 -0.0720861 -0.0610791 0.0498213 0.0453451 -0.0001888 0.0137245 -0.0132646 -0.0207664 0.0408530 0.0478066 0.0691603 0.0398332 -0.0030374 -0.0505425 -0.0294800 -0.0842879 0.0221910 0.0276429 0.0450913 0.0223867 -0.0389636 0.0246812 0.1018040 -0.0082748 0.0503521 0.0594740 0.0436676 0.0256073 0.0120919 0.0121263 -0.0247922 -0.0110893 0.0050663 -0.0250807 0.0105064 -0.0215235 -0.0167579 -0.0029084 -0.0645056 -0.0061027 0.0406722 -0.0304314 -0.0198599 0.0012108 -0.0183853 -0.0105179 -0.0267905 0.0078221 -0.0218504 -0.0419996 -0.0328484 0.0402812 0.0228930 0.0187770 0.0602924 0.0007878 -0.0724623 -0.0448959 -0.0435224 -0.0210299 -0.0355255 0.0279512 0.1181531 0.1085153 -0.0229860 0.0945058 0.1114358 -0.0306612 0.0465201 -0.0680522 0.0436985 0.0778904 0.0160669 -0.0323144 -0.0319135 -0.0645025 -0.0584556 -0.0154791 -0.0333695 -0.0135050 -0.0002908 0.0040211 -0.0047815 0.0461690 -0.0369007
0.0991062 0.1099037 0.1083184 0.9890673 0.0730082 0.0448115 -0.0148255 -0.0046230 -0.0194185 -0.0622667 0.0674313 0.0945686 -0.0740130 -0.0746128 -0.0466353 -0.0595493 -0.0166081 -0.0593769 -0.0582773 -0.0553833 -0.0678741 -0.0788081 -0.0710714 -0.0771488 -0.0621500 0.0530213 0.0492393 0.0014196 0.0153865 -0.0120030 -0.0230334 0.0431880 0.0527373 0.0697818 0.0385360 0.0000311 -0.0503202 -0.0313702 -0.0896361 0.0245941 0.0271518 0.0464664 0.0239468 -0.0387674 0.0279199 0.1032026 -0.0089100 0.0530993 0.0634871 0.0459981 0.0268490 0.0151725 0.0152600 -0.0224282 -0.0110405 0.0065888 -0.0273830 0.0120321 -0.0206653 -0.0198182 -0.0019466 -0.0660537 -0.0075130 0.0434940 -0.0300987 -0.0196644 0.0009825 -0.0180664 -0.0115601 -0.0309985 0.0079549 -0.0239253 -0.0443827 -0.0331336 0.0422694 0.0246179 0.0209789 0.0638887 0.0036482 -0.0768350 -0.0445900 -0.0438415 -0.0216919 -0.0343759 0.0281098 0.1209644 0.1111083 -0.0203011 0.0980289 0.1155891 -0.0322682 0.0495150 -0.0704254 0.0473743 0.0830154 0.0176215 -0.0323185 -0.0318844 -0.0658928 -0.0590572 -0.0169900 -0.0344579 -0.0160809 -0.0005178 0.0040995 -0.0032425 0.0486188 -0.0359568
0.0638138 0.0698427 0.0700012 0.0730082 1.0196695 0.0447210 -0.0118869 -0.0050335 -0.0166830 -0.0450416 0.0448866 0.0626979 -0.0511423 -0.0543483 -0.0348472 -0.0439390 -0.0126531 -0.0439674 -0.0429442 -0.0402370 -0.0500734 -0.0551884 -0.0523899 -0.0557596 -0.0464619 0.0333682 0.0305325 -0.0005928 0.0088780 -0.0127171 -0.0185392 0.0276410 0.0348334 0.0465954 0.0258626 -0.0027384 -0.0370721 -0.0244879 -0.0652731 0.0131383 0.0169838 0.0298826 0.0114302 -0.0266052 0.0170284 0.0689924 -0.0075877 0.0353561 0.0418658 0.0283887 0.0173187 0.0076227 0.0068966 -0.0186827 -0.0105826 0.0023806 -0.0190192 0.0066000 -0.0158490 -0.0144127 -0.0018665 -0.0484801 -0.0073129 0.0259417 -0.0245026 -0.0167855 -0.0014825 -0.0145672 -0.0085776 -0.0211666 0.0054402 -0.0187347 -0.0327791 -0.0270901 0.0264968 0.0132350 0.0097001 0.0406762 -0.0008973 -0.0551478 -0.0356114 -0.0332072 -0.0177884 -0.0274506 0.0179422 0.0803551 0.0751589 -0.0156116 0.0644559 0.0762815 -0.0242073 0.0332471 -0.0500141 0.0301808 0.0502871 0.0105006 -0.0242294 -0.0247239 -0.0488988 -0.0441182 -0.0152549 -0.0239094 -0.0118026 -0.0012807 0.0006079 -0.0053923 0.0309322 -0.0289626
0.0384008 0.0428039 0.0443944 0.0448115 0.0447210 1.0196329 -0.0079703 -0.0060902 -0.0145432 -0.0308199 0.0264162 0.0394321 -0.0363777 -0.0375886 -0.0252227 -0.0302649 -0.0116683 -0.0312362 -0.0290464 -0.0292255 -0.0317415 -0.0406826 -0.0387039 -0.0408131 -0.0324527 0.0221482 0.0189742 -0.0030808 0.0048862 -0.0081866 -0.0143970 0.0164653 0.0211445 0.0289175 0.0132965 -0.0037767 -0.0271946 -0.0178692 -0.0431786 0.0077965 0.0075235 0.0159167 0.0055632 -0.0213789 0.0071020 0.0446398 -0.0060758 0.0208969 0.0232542 0.0177305 0.0076990 0.0016588 0.0021469 -0.0136042 -0.0075367 -0.0005623 -0.0129218 0.0001140 -0.0129465 -0.0116251 -0.0051960 -0.0333322 -0.0081262 0.0141027 -0.0191491 -0.0159979 -0.0028208 -0.0130227 -0.0089636 -0.0164254 0.0010384 -0.0138270 -0.0237559 -0.0182812 0.0159064 0.0047141 0.0029974 0.0233351 -0.0056549 -0.0400037 -0.0236078 -0.0216904 -0.0126380 -0.0197870 0.0115159 0.0514729 0.0476489 -0.0116640 0.0433718 0.0484079 -0.0185959 0.0182022 -0.0364988 0.0188730 0.0314271 0.0057939 -0.0186539 -0.0186067 -0.0346811 -0.0309197 -0.0127403 -0.0170396 -0.0086829 -0.0048014 -0.0000576 -0.0053793 0.0187912 -0.0233355
-0.0118096 -0.0129830 -0.0141864 -0.0148255 -0.0118869 -0.0079703 1.1776546 -0.0083379 -0.0077857 -0.0067086 -0.0113865 -0.0103290 -0.0076189 -0.0059545 -0.0067352 -0.0049212 -0.0077064 -0.0068800 -0.0067809 -0.0084828 -0.0043929 -0.0047282 -0.0078809 -0.0039884 -0.0082339 -0.0107353 -0.0109811 -0.0071615 -0.0088198 -0.0096802 -0.0073212 -0.0097028 -0.0121085 -0.0109020 -0.0109418 -0.0078260 -0.0073642 -0.0063996 -0.0040506 -0.0107392 -0.0104252 -0.0115120 -0.0109013 -0.0070184 -0.0098637 -0.0140165 -0.0111697 -0.0144897 -0.0106739 -0.0092743 -0.0083928 -0.0099128 -0.0107499 -0.0078446 -0.0080028 -0.0091766 -0.0079745 -0.0093656 -0.0092157 -0.0066596 -0.0080733 -0.0040053 -0.0098364 -0.0136550 -0.0107797 -0.0064842 -0.0095272 -0.0085607 -0.0077016 -0.0072385 -0.0102497 -0.0078968 -0.0094306 -0.0052192 -0.0069601 -0.0084801 -0.0061747 -0.0112337 -0.0075146 -0.0027835 -0.0072191 -0.0060842 -0.0060096 -0.0052054 -0.0104343 -0.0131555 -0.0131120 -0.0095334 -0.0139542 -0.0125702 -0.0098488 -0.0096191 -0.0040334 -0.0106639 -0.0138006 -0.0067783 -0.0064034 -0.0074655 -0.0062231 -0.0090067 -0.0080464 -0.0076747 -0.0096861 -0.0065385 -0.0080506 -0.0079741 -0.0113942 -0.0054504
-0.0056232 -0.0046603 -0.0032556 -0.0046230 -0.0050335 -0.0060902 -0.0083379 1.1528140 -0.0111529 -0.0093437 -0.0056264 -0.0023879 -0.0098535 -0.0104632 -0.0092363 -0.0127610 -0.0073827 -0.0097115 -0.0110097 -0.0088402 -0.0113678 -0.0127296 -0.0094645 -0.0116456 -0.0107573 -0.0040106 -0.0053133 -0.0066295 -0.0081431 -0.0083400 -0.0086044 -0.0057016 -0.0057081 -0.0056263 -0.0050921 -0.0091391 -0.0101563 -0.0094409 -0.0116750 -0.0091580 -0.0074638 -0.0077974 -0.0061379 -0.0119449 -0.0058768 -0.0026758 -0.0088031 -0.0064453 -0.0042104 -0.0050950 -0.0060966 -0.0073605 -0.0067230 -0.0090682 -0.0114619 -0.0080022 -0.0075371 -0.0081646 -0.0072806 -0.0098316 -0.0079418 -0.0108864 -0.0071462 -0.0044442 -0.0090925 -0.0091542 -0.0082526 -0.0109166 -0.0069653 -0.0089811 -0.0093442 -0.0076062 -0.0085824 -0.0131307 -0.0058914 -0.0055906 -0.0105558 -0.0055725 -0.0107770 -0.0126275 -0.0098631 -0.0103510 -0.0094967 -0.0072269 -0.0071154 0.0000497 -0.0010313 -0.0092530 -0.0015053 -0.0013699 -0.0086150 -0.0066762 -0.0099112 -0.0041273 -0.0063020 -0.0069539 -0.0090420 -0.0094625 -0.0101349 -0.0101306 -0.0100331 -0.0097528 -0.0089011 -0.0065564 -0.0088975 -0.0070388 -0.0064560 -0.0122067
-0.0197062 -0.0204736 -0.0229667 -0.0194185 -0.0166830 -0.0145432 -0.0077857 -0.0111529 1.1969029 -0.0010390 -0.0164752 -0.0189827 0.0006647 -0.0034979 -0.0036418 -0.0022589 -0.0096165 -0.0026218 -0.0029831 -0.0029730 -0.0000751 0.0008230 -0.0023236 -0.0029211 -0.0027441 -0.0146450 -0.0158642 -0.0093678 -0.0113583 -0.0055375 -0.0080007 -0.0144426 -0.0171641 -0.0159619 -0.0157957 -0.0095531 -0.0039961 -0.0055592 0.0015178 -0.0121782 -0.0132581 -0.0153162 -0.0135792 -0.0034226 -0.0139529 -0.0212800 -0.0095677 -0.0161176 -0.0174183 -0.0138527 -0.0123598 -0.0113605 -0.0115568 -0.0047988 -0.0062470 -0.0096810 -0.0072067 -0.0105121 -0.0084528 -0.0081381 -0.0089313 -0.0038390 -0.0069985 -0.0115949 -0.0040138 -0.0059027 -0.0084154 -0.0100391 -0.0055549 -0.0077954 -0.0114483 -0.0058997 -0.0033421 -0.0057699 -0.0143182 -0.0130036 -0.0098781 -0.0168236 -0.0076225 -0.0012153 -0.0033964 -0.0038300 -0.0062518 -0.0041805 -0.0118696 -0.0210652 -0.0215559 -0.0018550 -0.0202784 -0.0224160 -0.0072228 -0.0158338 -0.0044512 -0.0150119 -0.0167242 -0.0112001 -0.0043527 -0.0067048 0.0012869 -0.0015567 -0.0096760 -0.0061888 -0.0080898 -0.0110720 -0.0121126 -0.0100782 -0.0176770 -0.0069286
-0.0531014 -0.0570860 -0.0580851 -0.0622667 -0.0450416 -0.0308199 -0.0067086 -0.0093437 -0.0010390 1.2372446 -0.0276224 -0.0525420 0.0220354 0.0221367 0.0085490 0.0167398 -0.0049233 0.0159126 0.0151304 0.0126143 0.0206508 0.0232989 0.0203957 0.0201984 0.0166929 -0.0346500 -0.0343230 -0.0141196 -0.0177487 -0.0068033 -0.0017331 -0.0310980 -0.0347022 -0.0439951 -0.0299575 -0.0135436 0.0094244 0.0024114 0.0295226 -0.0212280 -0.0228577 -0.0334526 -0.0210538 0.0034365 -0.0235449 -0.0573155 -0.0083080 -0.0361711 -0.0400865 -0.0311772 -0.0258050 -0.0186107 -0.0176125 -0.0014093 -0.0106794 -0.0172014 0.0027320 -0.0148117 -0.0019926 -0.0024428 -0.0117775 0.0176655 -0.0104731 -0.0290874 0.0039312 -0.0012387 -0.0100659 -0.0054127 -0.0073099 0.0000476 -0.0155740 -0.0026980 0.0092658 0.0030134 -0.0296513 -0.0243049 -0.0211068 -0.0365331 -0.0131361 0.0221214 0.0107059 0.0089068 -0.0015061 0.0032982 -0.0271845 -0.0642307 -0.0627561 -0.0053238 -0.0538995 -0.0621645 0.0024226 -0.0342276 0.0179354 -0.0321329 -0.0448294 -0.0169393 0.0042585 0.0041601 0.0151687 0.0144066 -0.0037838 0.0030087 -0.0060134 -0.0144164 -0.0161239 -0.0082834 -0.0349730 0.0037216
0.0582978 0.0651964 0.0660028 0.0674313 0.0448866 0.0264162 -0.0113865 -0.0056264 -0.0164752 -0.0276224 1.0292225 0.0584766 -0.0476672 -0.0503060 -0.0326935 -0.0407672 -0.0111801 -0.0411229 -0.0399644 -0.0371843 -0.0458448 -0.0540661 -0.0495889 -0.0507781 -0.0434259 0.0311827 0.0288315 -0.0014165 0.0089884 -0.0119081 -0.0181322 0.0239007 0.0311223 0.0445624 0.0245917 -0.0029448 -0.0336635 -0.0228774 -0.0609318 0.0121567 0.0151734 0.0278005 0.0115900 -0.0259261 0.0147167 0.0640434 -0.0062883 0.0328167 0.0392241 0.0273169 0.0145347 0.0054513 0.0066088 -0.0172145 -0.0108418 0.0000881 -0.0185792 0.0056664 -0.0159944 -0.0123183 -0.0019736 -0.0461204 -0.0088360 0.0223404 -0.0231479 -0.0186833 -0.0026289 -0.0152276 -0.0083088 -0.0218079 0.0039515 -0.0170359 -0.0304873 -0.0252449 0.0252463 0.0123440 0.0088800 0.0362955 -0.0033843 -0.0534615 -0.0332425 -0.0312045 -0.0178500 -0.0271962 0.0154348 0.0745246 0.0687540 -0.0149757 0.0616175 0.0696972 -0.0231485 0.0304912 -0.0479502 0.0267014 0.0476666 0.0092894 -0.0242290 -0.0228645 -0.0458715 -0.0426375 -0.0139079 -0.0240398 -0.0130628 -0.0032782 -0.0002333 -0.0051552 0.0287962 -0.0279714
0.0827176 0.0917830 0.0934459 0.0945686 0.0626979 0.0394321 -0.0103290 -0.0023879 -0.0189827 -0.0525420 0.0584766 0.9701742 -0.0650377 -0.0658868 -0.0422463 -0.0515238 -0.0147040 -0.0533690 -0.0520974 -0.0485695 -0.0605464 -0.0701019 -0.0661928 -0.0677474 -0.0536005 0.0459952 0.0415202 0.0008778 0.0131904 -0.0108920 -0.0197287 0.0373512 0.0458668 0.0628180 0.0366901 0.0003285 -0.0457765 -0.0264077 -0.0775750 0.0190395 0.0242291 0.0423334 0.0197135 -0.0334696 0.0234352 0.0904175 -0.0061351 0.0460660 0.0567522 0.0408947 0.0227945 0.0111764 0.0116748 -0.0205778 -0.0087701 0.0057434 -0.0228669 0.0123446 -0.0182165 -0.0147242 -0.0007756 -0.0587091 -0.0077780 0.0349889 -0.0286459 -0.0204602 0.0010436 -0.0161598 -0.0101756 -0.0255421 0.0069693 -0.0213084 -0.0395177 -0.0283706 0.0353364 0.0210324 0.0154628 0.0548482 -0.0003029 -0.0685098 -0.0397339 -0.0394402 -0.0193247 -0.0312074 0.0236007 0.1051367 0.0964161 -0.0172431 0.0856051 0.0990842 -0.0264582 0.0419848 -0.0625761 0.0420420 0.0671820 0.0165625 -0.0292696 -0.0277857 -0.0590236 -0.0522192 -0.0147111 -0.0303638 -0.0123130 0.0004950 0.0032196 -0.0050689 0.0436297 -0.0374803
-0.0665276 -0.0720262 -0.0714738 -0.0740130 -0.0511423 -0.0363777 -0.0076189 -0.0098535 0.0006647 0.0220354 -0.0476672 -0.0650377 1.2665033 0.0369906 0.0112609 0.0212806 -0.0016888 0.0221768 0.0226699 0.0182732 0.0227227 0.0299801 0.0274455 0.0277632 0.0188579 -0.0400746 -0.0386489 -0.0123272 -0.0206295 -0.0045278 -0.0003309 -0.0370685 -0.0405777 -0.0514044 -0.0353635 -0.0131564 0.0154888 0.0057133 0.0358774 -0.0248779 -0.0282148 -0.0362321 -0.0236117 0.0078594 -0.0282665 -0.0706406 -0.0108172 -0.0397677 -0.0495330 -0.0407115 -0.0288998 -0.0193112 -0.0189062 0.0004746 -0.0043582 -0.0162285 0.0000530 -0.0185265 0.0008833 -0.0034640 -0.0118317 0.0240276 -0.0087515 -0.0342108 0.0057373 0.0010977 -0.0133715 0.0001052 -0.0049206 0.0014131 -0.0182579 0.0035777 0.0113713 0.0053235 -0.0336340 -0.0263305 -0.0214435 -0.0462338 -0.0114913 0.0293865 0.0143988 0.0100309 -0.0031162 0.0061139 -0.0287757 -0.0772383 -0.0715816 -0.0033715 -0.0666356 -0.0750716 0.0031739 -0.0391406 0.0253244 -0.0372426 -0.0576894 -0.0189475 0.0047740 0.0058247 0.0257685 0.0196368 -0.0021574 0.0053088 -0.0031479 -0.0110917 -0.0138300 -0.0105632 -0.0397501 0.0098385
-0.0656153 -0.0725443 -0.0735147 -0.0746128 -0.0543483 -0.0375886 -0.0059545 -0.0104632 -0.0034979 0.0221367 -0.0503060 -0.0658868 0.0369906 1.2673624 0.0147001 0.0210890 -0.0009578 0.0200077 0.0192475 0.0165517 0.0228592 0.0284301 0.0296771 0.0325502 0.0205966 -0.0427278 -0.0386300 -0.0139930 -0.0192785 -0.0048618 0.0003854 -0.0366280 -0.0405538 -0.0519975 -0.0352164 -0.0139309 0.0135403 0.0051112 0.0383755 -0.0238685 -0.0283680 -0.0374602 -0.0276812 0.0072674 -0.0258400 -0.0714502 -0.0107495 -0.0416685 -0.0478216 -0.0393876 -0.0277289 -0.0196600 -0.0200853 0.0023047 -0.0050486 -0.0150733 -0.0005081 -0.0163106 -0.0032754 -0.0046728 -0.0110397 0.0231496 -0.0065942 -0.0339822 0.0038314 0.0010179 -0.0131149 -0.0040353 -0.0078784 0.0023272 -0.0178151 -0.0007340 0.0119547 0.0072042 -0.0364251 -0.0260668 -0.0227215 -0.0471499 -0.0109203 0.0312671 0.0137427 0.0117750 0.0013208 0.0075763 -0.0282200 -0.0780954 -0.0752874 -0.0016177 -0.0667241 -0.0752915 0.0056169 -0.0396192 0.0253645 -0.0374784 -0.0576771 -0.0191550 0.0069918 0.0055798 0.0223420 0.0189440 -0.0033962 0.0063290 -0.0035234 -0.0111410 -0.0155513 -0.0117264 -0.0428455 0.0080238
-0.0418150 -0.0474664 -0.0460050 -0.0466353 -0.0348472 -0.0252227 -0.0067352 -0.0092363 -0.0036418 0.0085490 -0.0326935 -0.0422463 0.0112609 0.0147001 1.2215040 0.0106340 -0.0061648 0.0101009 0.0091099 0.0063717 0.0085970 0.0144277 0.0129125 0.0144292 0.0094825 -0.0257431 -0.0270424 -0.0099868 -0.0167202 -0.0062218 -0.0021570 -0.0239305 -0.0277138 -0.0336927 -0.0232295 -0.0109826 0.0059202 0.0013137 0.0175901 -0.0185090 -0.0195655 -0.0249264 -0.0171263 0.0020602 -0.0190629 -0.0436016 -0.0096167 -0.0291659 -0.0299982 -0.0274101 -0.0203442 -0.0154594 -0.0161924 -0.0014302 -0.0068015 -0.0134834 -0.0018997 -0.0142843 -0.0040527 -0.0048402 -0.0101723 0.0111047 -0.0086202 -0.0250146 -0.0022587 -0.0051120 -0.0108984 -0.0040467 -0.0059697 -0.0036663 -0.0125972 -0.0045828 0.0065866 -0.0009926 -0.0250082 -0.0184941 -0.0148843 -0.0311382 -0.0111995 0.0152779 0.0022038 0.0051943 -0.0038397 -0.0023379 -0.0195950 -0.0487542 -0.0467533 -0.0026779 -0.0424983 -0.0475204 -0.0011613 -0.0249232 0.0132100 -0.0242865 -0.0381415 -0.0143477 -0.0012648 -0.0021506 0.0118417 0.0092096 -0.0065947 -0.0019452 -0.0043301 -0.0122815 -0.0104479 -0.0114056 -0.0249118 0.0027845
-0.0542194 -0.0584165 -0.0578067 -0.0595493 -0.0439390 -0.0302649 -0.0049212 -0.0127610 -0.0022589 0.0167398 -0.0407672 -0.0515238 0.0212806 0.0210890 0.0106340 1.2455397 0.0000886 0.0169395 0.0144245 0.0123141 0.0184653 0.0211105 0.0173829 0.0223388 0.0153862 -0.0321225 -0.0318434 -0.0138246 -0.0162531 -0.0041221 -0.0042975 -0.0287849 -0.0336467 -0.0420652 -0.0308440 -0.0135963 0.0105688 0.0058531 0.0281494 -0.0202682 -0.0229580 -0.0323508 -0.0216392 0.0041343 -0.0239476 -0.0571361 -0.0080490 -0.0362206 -0.0388512 -0.0300193 -0.0244827 -0.0180423 -0.0164131 -0.0012692 -0.0052249 -0.0142488 -0.0019821 -0.0187454 -0.0028796 -0.0047499 -0.0085391 0.0168428 -0.0070251 -0.0293381 0.0012819 -0.0033163 -0.0132113 -0.0043960 -0.0090865 0.0003168 -0.0160035 -0.0025029 0.0086806 0.0050179 -0.0318086 -0.0206883 -0.0170819 -0.0380305 -0.0103278 0.0201237 0.0065552 0.0059486 -0.0022678 0.0039256 -0.0216541 -0.0642268 -0.0606884 -0.0034977 -0.0553251 -0.0603948 -0.0008394 -0.0353792 0.0207551 -0.0331479 -0.0482199 -0.0186412 0.0011470 0.0038285 0.0196097 0.0146921 -0.0039188 0.0034898 -0.0058725 -0.0107113 -0.0135057 -0.0093440 -0.0351004 0.0049805
-0.0160090 -0.0162061 -0.0173114 -0.0166081 -0.0126531 -0.0116683 -0.0077064 -0.0073827 -0.0096165 -0.0049233 -0.0111801 -0.0147040 -0.0016888 -0.0009578 -0.0061648 0.0000886 1.1542497 -0.0012894 -0.0043420 -0.0051656 -0.0041593 0.0002035 -0.0024985 -0.0029175 -0.0058213 -0.0145978 -0.0120186 -0.0100011 -0.0086350 -0.0063014 -0.0066387 -0.0124383 -0.0117962 -0.0157048 -0.0094999 -0.0109942 -0.0039337 -0.0062929 -0.0037386 -0.0112694 -0.0111780 -0.0133216 -0.0104679 -0.0059670 -0.0104297 -0.0155254 -0.0075950 -0.0114024 -0.0116691 -0.0127644 -0.0087089 -0.0097596 -0.0100012 -0.0060031 -0.0085207 -0.0079693 -0.0064516 -0.0089021 -0.0081107 -0.0062495 -0.0087829 -0.0043667 -0.0070643 -0.0102646 -0.0041966 -0.0089846 -0.0091214 -0.0073136 -0.0085163 -0.0070446 -0.0073776 -0.0073047 -0.0075451 -0.0075836 -0.0118697 -0.0102173 -0.0110031 -0.0124332 -0.0088483 -0.0022554 -0.0047323 -0.0025983 -0.0066057 -0.0082862 -0.0108025 -0.0159889 -0.0139902 -0.0036497 -0.0162149 -0.0152948 -0.0066517 -0.0126362 -0.0049860 -0.0116507 -0.0142544 -0.0100138 -0.0043167 -0.0063886 -0.0046211 -0.0044321 -0.0066370 -0.0039746 -0.0080585 -0.0094530 -0.0074703 -0.0085267 -0.0115945 -0.0042183
-0.0540787 -0.0593765 -0.0591693 -0.0593769 -0.0439674 -0.0312362 -0.0068800 -0.0097115 -0.0026218 0.0159126 -0.0411229 -0.0533690 0.0221768 0.0200077 0.0101009 0.0169395 -0.0012894 1.2345796 0.0147122 0.0145817 0.0184616 0.0226098 0.0208025 0.0230671 0.0159576 -0.0342139 -0.0317752 -0.0104467 -0.0171178 -0.0045917 -0.0032796 -0.0323382 -0.0327657 -0.0451228 -0.0286285 -0.0083829 0.0109781 0.0042089 0.0273210 -0.0209428 -0.0260173 -0.0333847 -0.0231156 0.0056795 -0.0234866 -0.0572634 -0.0082097 -0.0341547 -0.0388890 -0.0328772 -0.0226960 -0.0181522 -0.0164825 -0.0025719 -0.0067466 -0.0143263 -0.0006798 -0.0187557 -0.0013294 -0.0015971 -0.0118948 0.0163479 -0.0091842 -0.0304391 0.0021740 -0.0005447 -0.0104268 -0.0030238 -0.0077630 0.0028351 -0.0168045 0.0016218 0.0063811 0.0031097 -0.0326573 -0.0212761 -0.0182472 -0.0387713 -0.0136465 0.0237472 0.0110192 0.0066326 -0.0018975 0.0040694 -0.0241009 -0.0627581 -0.0620469 -0.0019969 -0.0553195 -0.0618205 -0.0009791 -0.0331175 0.0179716 -0.0335271 -0.0487636 -0.0196030 0.0019678 0.0024901 0.0169606 0.0160356 -0.0016656 0.0021055 -0.0069482 -0.0128963 -0.0116563 -0.0086664 -0.0341425 0.0033935
-0.0522670 -0.0586290 -0.0575333 -0.0582773 -0.0429442 -0.0290464 -0.0067809 -0.0110097 -0.0029831 0.0151304 -0.0399644 -0.0520974 0.0226699 0.0192475 0.0091099 0.0144245 -0.0043420 0.0147122 1.2421951 0.0132935 0.0200295 0.0206099 0.0178797 0.0184447 0.0135917 -0.0341624 -0.0306619 -0.0122090 -0.0184575 -0.0045931 -0.0006844 -0.0288712 -0.0325995 -0.0402405 -0.0286148 -0.0110480 0.0101440 0.0025991 0.0255782 -0.0217505 -0.0262461 -0.0327291 -0.0216978 0.0037482 -0.0255808 -0.0554762 -0.0088132 -0.0354177 -0.0373185 -0.0330294 -0.0237124 -0.0193419 -0.0174349 -0.0031709 -0.0063248 -0.0126119 -0.0016447 -0.0168279 -0.0033728 -0.0010045 -0.0110569 0.0181437 -0.0090148 -0.0286730 0.0027683 -0.0015205 -0.0140285 -0.0044721 -0.0070942 0.0010447 -0.0141742 -0.0017291 0.0077170 -0.0002166 -0.0282907 -0.0207907 -0.0189083 -0.0368856 -0.0144131 0.0178360 0.0076953 0.0076074 -0.0007525 0.0010200 -0.0229942 -0.0598444 -0.0575227 -0.0023701 -0.0518932 -0.0578502 0.0015334 -0.0316677 0.0204076 -0.0325948 -0.0453140 -0.0189322 0.0032265 -0.0016297 0.0173170 0.0123179 -0.0039895 0.0017722 -0.0065298 -0.0120246 -0.0120399 -0.0089607 -0.0326566 0.0039701
-0.0495339 -0.0527842 -0.0540894 -0.0553833 -0.0402370 -0.0292255 -0.0084828 -0.0088402 -0.0029730 0.0126143 -0.0371843 -0.0485695 0.0182732 0.0165517 0.0063717 0.0123141 -0.0051656 0.0145817 0.0132935 1.2368007 0.0139815 0.0207251 0.0157540 0.0176664 0.0113074 -0.0322664 -0.0290743 -0.0119648 -0.0163712 -0.0090065 -0.0029680 -0.0282870 -0.0296168 -0.0397597 -0.0295388 -0.0104523 0.0091673 0.0004195 0.0259610 -0.0184538 -0.0242895 -0.0295075 -0.0216951 0.0042055 -0.0216328 -0.0517530 -0.0105474 -0.0312177 -0.0363457 -0.0303079 -0.0208437 -0.0161987 -0.0158909 -0.0020310 -0.0082555 -0.0161169 0.0011618 -0.0148294 -0.0051803 -0.0053253 -0.0106661 0.0150450 -0.0067455 -0.0259402 0.0022036 -0.0028831 -0.0131383 -0.0052858 -0.0058086 0.0001400 -0.0145820 -0.0024008 0.0058964 -0.0012920 -0.0290464 -0.0213059 -0.0181792 -0.0354696 -0.0122033 0.0196468 0.0070041 0.0072847 -0.0019695 0.0018430 -0.0222552 -0.0567143 -0.0524265 -0.0044925 -0.0489112 -0.0561305 0.0014506 -0.0301126 0.0165631 -0.0311469 -0.0449095 -0.0175858 0.0003682 0.0004873 0.0146600 0.0138120 -0.0049401 0.0014618 -0.0066124 -0.0110177 -0.0134692 -0.0075352 -0.0285826 0.0053684
-0.0611581 -0.0667331 -0.0628380 -0.0678741 -0.0500734 -0.0317415 -0.0043929 -0.0113678 -0.0000751 0.0206508 -0.0458448 -0.0605464 0.0227227 0.0228592 0.0085970 0.0184653 -0.0041593 0.0184616 0.0200295 0.0139815 1.2793573 0.0251433 0.0221208 0.0278612 0.0160542 -0.0422359 -0.0387287 -0.0138188 -0.0201434 -0.0053348 -0.0026268 -0.0340049 -0.0373635 -0.0487988 -0.0342271 -0.0112359 0.0149740 0.0045754 0.0308508 -0.0235424 -0.0252083 -0.0372022 -0.0250232 0.0057797 -0.0259396 -0.0643659 -0.0107061 -0.0384321 -0.0465443 -0.0339606 -0.0251541 -0.0183392 -0.0209601 0.0012015 -0.0058368 -0.0151411 0.0012184 -0.0183493 -0.0035934 -0.0041483 -0.0114220 0.0204430 -0.0092998 -0.0331751 0.0026997 -0.0006399 -0.0127562 -0.0029066 -0.0082373 0.0018919 -0.0198483 0.0008288 0.0101582 0.0053597 -0.0332522 -0.0245775 -0.0219292 -0.0427893 -0.0128626 0.0263265 0.0114082 0.0103696 -0.0010292 0.0073569 -0.0260680 -0.0723683 -0.0684564 -0.0015752 -0.0643311 -0.0684508 0.0018518 -0.0374919 0.0227563 -0.0367273 -0.0534100 -0.0207100 0.0035866 0.0021534 0.0194777 0.0165473 -0.0037919 0.0039294 -0.0058482 -0.0120065 -0.0148973 -0.0104477 -0.0403176 0.0075273
-0.0686985 -0.0775001 -0.0755459 -0.0788081 -0.0551884 -0.0406826 -0.0047282 -0.0127296 0.0008230 0.0232989 -0.0540661 -0.0701019 0.0299801 0.0284301 0.0144277 0.0211105 0.0002035 0.0226098 0.0206099 0.0207251 0.0251433 1.2977278 0.0293817 0.0324078 0.0214538 -0.0438267 -0.0428666 -0.0128555 -0.0211518 -0.0046634 0.0000763 -0.0400833 -0.0435766 -0.0557549 -0.0368995 -0.0144394 0.0162747 0.0051046 0.0384519 -0.0255178 -0.0293527 -0.0405569 -0.0266287 0.0090607 -0.0290007 -0.0727657 -0.0098330 -0.0440384 -0.0517451 -0.0403597 -0.0276946 -0.0226413 -0.0225660 0.0006152 -0.0060151 -0.0157126 0.0014177 -0.0189587 -0.0008898 -0.0032642 -0.0119985 0.0243060 -0.0073905 -0.0366638 0.0093689 -0.0001223 -0.0154527 -0.0031417 -0.0065486 0.0042940 -0.0223286 -0.0004773 0.0164492 0.0064864 -0.0381868 -0.0265070 -0.0238045 -0.0502953 -0.0132670 0.0304637 0.0166777 0.0131202 0.0009351 0.0080902 -0.0293034 -0.0829068 -0.0779943 -0.0009707 -0.0719745 -0.0790724 0.0041716 -0.0445865 0.0252861 -0.0393157 -0.0624784 -0.0223053 0.0034837 0.0059996 0.0244639 0.0247395 -0.0015819 0.0066519 -0.0058075 -0.0131213 -0.0151173 -0.0110654 -0.0438532 0.0090314
-0.0650024 -0.0718919 -0.0699353 -0.0710714 -0.0523899 -0.0387039 -0.0078809 -0.0094645 -0.0023236 0.0203957 -0.0495889 -0.0661928 0.0274455 0.0296771 0.0129125 0.0173829 -0.0024985 0.0208025 0.0178797 0.0157540 0.0221208 0.0293817 1.2773727 0.0474252 0.0190846 -0.0407061 -0.0386297 -0.0117697 -0.0202186 -0.0044059 -0.0009407 -0.0374458 -0.0405565 -0.0501963 -0.0362128 -0.0150947 0.0158629 0.0050019 0.0340291 -0.0260110 -0.0279418 -0.0403013 -0.0243847 0.0059916 -0.0263371 -0.0684388 -0.0107935 -0.0405564 -0.0449270 -0.0365358 -0.0271574 -0.0189090 -0.0197541 0.0008484 -0.0046859 -0.0171463 0.0004554 -0.0195385 0.0008579 -0.0040027 -0.0140471 0.0238279 -0.0083963 -0.0354861 0.0048821 0.0016822 -0.0144571 -0.0043534 -0.0043705 0.0048818 -0.0182489 -0.0003614 0.0129864 0.0055860 -0.0357158 -0.0268904 -0.0247134 -0.0473922 -0.0142702 0.0287708 0.0139629 0.0105202 0.0000829 0.0056644 -0.0275181 -0.0780376 -0.0719239 -0.0004809 -0.0650512 -0.0741502 0.0028115 -0.0406203 0.0239573 -0.0392339 -0.0579543 -0.0214927 0.0058089 0.0038928 0.0226849 0.0205016 -0.0059448 0.0059443 -0.0045821 -0.0142556 -0.0150820 -0.0073605 -0.0406861 0.0074122
-0.0682692 -0.0748721 -0.0720861 -0.0771488 -0.0557596 -0.0408131 -0.0039884 -0.0116456 -0.0029211 0.0201984 -0.0507781 -0.0677474 0.0277632 0.0325502 0.0144292 0.0223388 -0.0029175 0.0230671 0.0184447 0.0176664 0.0278612 0.0324078 0.0474252 1.2774302 0.0235320 -0.0430868 -0.0405125 -0.0146377 -0.0208544 -0.0075282 -0.0033209 -0.0375561 -0.0422032 -0.0548224 -0.0353005 -0.0133939 0.0195199 0.0006716 0.0352719 -0.0244131 -0.0298934 -0.0412640 -0.0268790 0.0031887 -0.0251373 -0.0706116 -0.0068254 -0.0432808 -0.0493774 -0.0388581 -0.0275522 -0.0209842 -0.0201090 0.0016608 -0.0065052 -0.0172579 0.0001397 -0.0200511 -0.0016050 -0.0024460 -0.0137875 0.0228644 -0.0087952 -0.0350161 0.0051402 -0.0004677 -0.0152634 -0.0013551 -0.0052194 0.0025863 -0.0194761 0.0005173 0.0121375 0.0063756 -0.0385853 -0.0272498 -0.0219637 -0.0488876 -0.0117545 0.0300135 0.0142182 0.0137832 0.0018350 0.0075476 -0.0284449 -0.0813199 -0.0772885 -0.0013126 -0.0695692 -0.0783812 0.0040209 -0.0418194 0.0271486 -0.0403363 -0.0600025 -0.0221714 0.0066244 0.0048927 0.0219754 0.0198454 -0.0027657 0.0062027 -0.0042669 -0.0144832 -0.0145762 -0.0089249 -0.0419216 0.0079006
-0.0544061 -0.0599461 -0.0610791 -0.0621500 -0.0464619 -0.0324527 -0.0082339 -0.0107573 -0.0027441 0.0166929 -0.0434259 -0.0536005 0.0188579 0.0205966 0.0094825 0.0153862 -0.0058213 0.0159576 0.0135917 0.0113074 0.0160542 0.0214538 0.0190846 0.0235320 1.2610389 -0.0351919 -0.0328531 -0.0111999 -0.0179002 -0.0058866 -0.0006892 -0.0320226 -0.0340901 -0.0438636 -0.0285312 -0.0132788 0.0130545 0.0027624 0.0265442 -0.0208386 -0.0226336 -0.0323499 -0.0215499 0.0030178 -0.0219826 -0.0589868 -0.0091980 -0.0351791 -0.0407525 -0.0320066 -0.0234157 -0.0190457 -0.0184832 -0.0018383 -0.0088130 -0.0146276 -0.0024846 -0.0144727 -0.0023217 -0.0021243 -0.0116580 0.0148267 -0.0081336 -0.0285252 0.0025620 -0.0005893 -0.0144621 -0.0037026 -0.0062371 0.0017808 -0.0188373 0.0004975 0.0079516 -0.0001829 -0.0332494 -0.0202386 -0.0216384 -0.0383682 -0.0130320 0.0235439 0.0107375 0.0084707 -0.0017053 0.0019740 -0.0244578 -0.0641829 -0.0615010 -0.0013814 -0.0543186 -0.0629448 0.0010190 -0.0335168 0.0201519 -0.0325383 -0.0493385 -0.0188617 0.0027932 0.0028781 0.0201205 0.0133952 -0.0070021 0.0022833 -0.0041385 -0.0106415 -0.0131177 -0.0102928 -0.0345248 0.0034042
0.0451518 0.0507200 0.0498213 0.0530213 0.0333682 0.0221482 -0.0107353 -0.0040106 -0.0146450 -0.0346500 0.0311827 0.0459952 -0.0400746 -0.0427278 -0.0257431 -0.0321225 -0.0145978 -0.0342139 -0.0341624 -0.0322664 -0.0422359 -0.0438267 -0.0407061 -0.0430868 -0.0351919 1.0494590 0.0226230 -0.0022188 0.0051596 -0.0088627 -0.0167825 0.0206005 0.0219624 0.0330419 0.0183764 -0.0024016 -0.0309573 -0.0193800 -0.0500044 0.0082728 0.0117418 0.0195010 0.0058504 -0.0225203 0.0113421 0.0495278 -0.0074620 0.0236335 0.0281161 0.0195885 0.0104007 0.0030723 0.0018705 -0.0173029 -0.0093918 0.0000868 -0.0157532 0.0010599 -0.0150337 -0.0124157 -0.0033314 -0.0379638 -0.0075739 0.0167481 -0.0203927 -0.0163518 -0.0021815 -0.0142991 -0.0070321 -0.0181721 0.0012414 -0.0169564 -0.0287547 -0.0225284 0.0176589 0.0070264 0.0071277 0.0278265 -0.0046246 -0.0424883 -0.0281331 -0.0269100 -0.0145993 -0.0215296 0.0107501 0.0588351 0.0540002 -0.0149123 0.0496215 0.0557882 -0.0200602 0.0230167 -0.0403477 0.0193779 0.0351667 0.0055668 -0.0191663 -0.0197800 -0.0356753 -0.0350363 -0.0158329 -0.0193378 -0.0112706 -0.0043762 -0.0000989 -0.0071968 0.0223110 -0.0248503
0.0413476 0.0465506 0.0453451 0.0492393 0.0305325 0.0189742 -0.0109811 -0.0053133 -0.0158642 -0.0343230 0.0288315 0.0415202 -0.0386489 -0.0386300 -0.0270424 -0.0318434 -0.0120186 -0.0317752 -0.0306619 -0.0290743 -0.0387287 -0.0428666 -0.0386297 -0.0405125 -0.0328531 0.0226230 1.0516591 -0.0040160 0.0038762 -0.0100311 -0.0150490 0.0170219 0.0205598 0.0293716 0.0172716 -0.0055239 -0.0273914 -0.0192321 -0.0452343 0.0076129 0.0094004 0.0185445 0.0068777 -0.0189764 0.0092536 0.0451725 -0.0072174 0.0217895 0.0278536 0.0188966 0.0096845 0.0019668 0.0059142 -0.0139630 -0.0086116 0.0004124 -0.0136645 0.0026152 -0.0145854 -0.0128142 -0.0032792 -0.0374739 -0.0082256 0.0158685 -0.0207394 -0.0156312 -0.0035906 -0.0100503 -0.0108192 -0.0165479 0.0022290 -0.0164481 -0.0258691 -0.0216784 0.0157889 0.0063630 0.0027101 0.0251257 -0.0030609 -0.0396084 -0.0255617 -0.0250325 -0.0165693 -0.0220981 0.0113058 0.0534839 0.0504723 -0.0130028 0.0444272 0.0507414 -0.0187176 0.0192562 -0.0362223 0.0192745 0.0329485 0.0033466 -0.0220704 -0.0184740 -0.0379337 -0.0327978 -0.0134214 -0.0214115 -0.0105858 -0.0041413 -0.0025696 -0.0073102 0.0211023 -0.0234821
0.0004762 -0.0019753 -0.0001888 0.0014196 -0.0005928 -0.0030808 -0.0071615 -0.0066295 -0.0093678 -0.0141196 -0.0014165 0.0008778 -0.0123272 -0.0139930 -0.0099868 -0.0138246 -0.0100011 -0.0104467 -0.0122090 -0.0119648 -0.0138188 -0.0128555 -0.0117697 -0.0146377 -0.0111999 -0.0022188 -0.0040160 1.1268420 -0.0065273 -0.0075441 -0.0106650 -0.0038838 -0.0014191 0.0002593 -0.0032722 -0.0057221 -0.0102125 -0.0072501 -0.0140927 -0.0076541 -0.0046055 -0.0055558 -0.0072023 -0.0090313 -0.0026017 0.0019752 -0.0074760 -0.0039646 -0.0006472 -0.0039686 -0.0035920 -0.0047706 -0.0067632 -0.0103856 -0.0091322 -0.0060176 -0.0090063 -0.0047958 -0.0103653 -0.0067076 -0.0076586 -0.0123473 -0.0071048 -0.0044050 -0.0100052 -0.0089915 -0.0069498 -0.0068269 -0.0074422 -0.0111961 -0.0056277 -0.0076941 -0.0093844 -0.0111736 -0.0039293 -0.0058601 -0.0034267 -0.0019340 -0.0072065 -0.0150572 -0.0092872 -0.0103103 -0.0096121 -0.0107457 -0.0033202 0.0031478 0.0018212 -0.0095675 0.0012614 0.0027759 -0.0112664 -0.0044179 -0.0147187 -0.0026766 -0.0015934 -0.0058306 -0.0099275 -0.0088227 -0.0159665 -0.0091622 -0.0088499 -0.0079301 -0.0107492 -0.0073035 -0.0083651 -0.0094685 -0.0039989 -0.0109316
0.0140555 0.0148620 0.0137245 0.0153865 0.0088780 0.0048862 -0.0088198 -0.0081431 -0.0113583 -0.0177487 0.0089884 0.0131904 -0.0206295 -0.0192785 -0.0167202 -0.0162531 -0.0086350 -0.0171178 -0.0184575 -0.0163712 -0.0201434 -0.0211518 -0.0202186 -0.0208544 -0.0179002 0.0051596 0.0038762 -0.0065273 1.0553018 -0.0090033 -0.0113753 0.0044097 0.0050678 0.0079710 0.0029125 -0.0060971 -0.0158201 -0.0117889 -0.0220855 -0.0003580 -0.0007042 0.0029507 -0.0029731 -0.0140102 -0.0019146 0.0159331 -0.0080607 0.0039134 0.0065693 0.0032184 -0.0002090 -0.0023956 -0.0044564 -0.0114921 -0.0068489 -0.0058472 -0.0124795 -0.0027746 -0.0093429 -0.0114265 -0.0054983 -0.0195375 -0.0066702 0.0026402 -0.0117920 -0.0143545 -0.0067611 -0.0093864 -0.0082376 -0.0120924 -0.0035615 -0.0109641 -0.0160477 -0.0133592 0.0032377 -0.0046568 -0.0026335 0.0063195 -0.0065941 -0.0223603 -0.0136095 -0.0137027 -0.0111635 -0.0141008 0.0002819 0.0189591 0.0168492 -0.0085617 0.0133796 0.0168937 0.0193462 0.0038245 -0.0197420 0.0033911 0.0083800 -0.0015635 -0.0115215 -0.0130989 -0.0181474 -0.0193339 -0.0088297 -0.0139698 -0.0099983 -0.0051705 -0.0049426 -0.0085613 0.0056598 -0.0133242
-0.0143616 -0.0135047 -0.0132646 -0.0120030 -0.0127171 -0.0081866 -0.0096802 -0.0083400 -0.0055375 -0.0068033 -0.0119081 -0.0108920 -0.0045278 -0.0048618 -0.0062218 -0.0041221 -0.0063014 -0.0045917 -0.0045931 -0.0090065 -0.0053348 -0.0046634 -0.0044059 -0.0075282 -0.0058866 -0.0088627 -0.0100311 -0.0075441 -0.0090033 1.1593672 -0.0098080 -0.0108297 -0.0103784 -0.0107711 -0.0104410 -0.0072019 -0.0071522 -0.0086969 -0.0039873 -0.0097702 -0.0077905 -0.0121301 -0.0078860 -0.0040131 -0.0080157 -0.0131058 -0.0100034 -0.0109330 -0.0114233 -0.0108399 -0.0090409 -0.0069704 -0.0096922 -0.0073672 -0.0067425 -0.0104226 -0.0074415 -0.0090210 -0.0074229 -0.0087620 -0.0090987 -0.0065323 -0.0103245 -0.0115492 -0.0085308 -0.0089483 -0.0080615 -0.0086304 -0.0080736 -0.0073076 -0.0101210 -0.0063651 -0.0057485 -0.0072040 -0.0078624 -0.0079370 -0.0106370 -0.0111925 -0.0079221 -0.0050112 -0.0081831 -0.0041729 -0.0101150 -0.0078718 -0.0102828 -0.0108548 -0.0125205 -0.0072987 -0.0118000 -0.0124233 -0.0076250 -0.0102530 -0.0047163 -0.0107026 -0.0127473 -0.0097104 -0.0072802 -0.0065855 -0.0039038 -0.0044824 -0.0059803 -0.0069244 -0.0078643 -0.0082924 -0.0076618 -0.0098355 -0.0112731 -0.0075224
-0.0223592 -0.0237156 -0.0207664 -0.0230334 -0.0185392 -0.0143970 -0.0073212 -0.0086044 -0.0080007 -0.0017331 -0.0181322 -0.0197287 -0.0003309 0.0003854 -0.0021570 -0.0042975 -0.0066387 -0.0032796 -0.0006844 -0.0029680 -0.0026268 0.0000763 -0.0009407 -0.0033209 -0.0006892 -0.0167825 -0.0150490 -0.0106650 -0.0113753 -0.0098080 1.2021693 -0.0144492 -0.0155571 -0.0186305 -0.0128579 -0.0110905 -0.0043548 -0.0046282 0.0046961 -0.0116916 -0.0126890 -0.0150271 -0.0158214 -0.0050371 -0.0142153 -0.0214371 -0.0111917 -0.0175050 -0.0174492 -0.0144761 -0.0124122 -0.0123498 -0.0129752 -0.0069196 -0.0078278 -0.0096570 -0.0057753 -0.0106882 -0.0086944 -0.0069857 -0.0074144 -0.0009549 -0.0073808 -0.0134704 -0.0063570 -0.0030269 -0.0096319 -0.0072988 -0.0074229 -0.0067783 -0.0116467 -0.0061203 -0.0056089 -0.0050656 -0.0169630 -0.0123646 -0.0131289 -0.0171160 -0.0102052 0.0012739 -0.0047100 -0.0042125 -0.0056699 -0.0043231 -0.0117713 -0.0236770 -0.0232145 -0.0060901 -0.0215671 -0.0239258 -0.0059554 -0.0143797 -0.0002301 -0.0152505 -0.0215848 -0.0083022 -0.0054669 -0.0044500 -0.0032268 -0.0008466 -0.0094812 -0.0047032 -0.0079161 -0.0087659 -0.0096772 -0.0078682 -0.0157416 -0.0038917
0.0373703 0.0414820 0.0408530 0.0431880 0.0276410 0.0164653 -0.0097028 -0.0057016 -0.0144426 -0.0310980 0.0239007 0.0373512 -0.0370685 -0.0366280 -0.0239305 -0.0287849 -0.0124383 -0.0323382 -0.0288712 -0.0282870 -0.0340049 -0.0400833 -0.0374458 -0.0375561 -0.0320226 0.0206005 0.0170219 -0.0038838 0.0044097 -0.0108297 -0.0144492 1.0699778 0.0202326 0.0268859 0.0129775 -0.0037520 -0.0258462 -0.0162628 -0.0423610 0.0070995 0.0079945 0.0139531 0.0045372 -0.0218295 0.0068599 0.0403620 -0.0058917 0.0194592 0.0239396 0.0162133 0.0076377 0.0015867 0.0031130 -0.0160640 -0.0083299 -0.0034141 -0.0143817 -0.0008941 -0.0125709 -0.0116396 -0.0045137 -0.0309733 -0.0083166 0.0126057 -0.0198144 -0.0129757 -0.0038022 -0.0120103 -0.0088973 -0.0188638 -0.0011620 -0.0134728 -0.0241962 -0.0166679 0.0141548 0.0050252 0.0024559 0.0215286 -0.0060423 -0.0381606 -0.0239270 -0.0248258 -0.0130936 -0.0205248 0.0094933 0.0481744 0.0441395 -0.0156172 0.0380608 0.0461961 -0.0187866 0.0150759 -0.0341640 0.0151422 0.0272366 0.0015663 -0.0203632 -0.0185021 -0.0330781 -0.0296670 -0.0117244 -0.0181848 -0.0104780 -0.0037494 -0.0034589 -0.0057913 0.0174291 -0.0207258
0.0435576 0.0478498 0.0478066 0.0527373 0.0348334 0.0211445 -0.0121085 -0.0057081 -0.0171641 -0.0347022 0.0311223 0.0458668 -0.0405777 -0.0405538 -0.0277138 -0.0336467 -0.0117962 -0.0327657 -0.0325995 -0.0296168 -0.0373635 -0.0435766 -0.0405565 -0.0422032 -0.0340901 0.0219624 0.0205598 -0.0014191 0.0050678 -0.0103784 -0.0155571 0.0202326 1.0520612 0.0329666 0.0159646 -0.0035802 -0.0288272 -0.0206319 -0.0502623 0.0065430 0.0099392 0.0213349 0.0080663 -0.0228111 0.0118698 0.0479450 -0.0043937 0.0236648 0.0279742 0.0188653 0.0101412 0.0041234 0.0005120 -0.0156189 -0.0102963 -0.0010509 -0.0160583 0.0026869 -0.0157310 -0.0133341 -0.0032928 -0.0368874 -0.0065791 0.0167448 -0.0201462 -0.0164183 -0.0030921 -0.0122705 -0.0074126 -0.0189363 -0.0002989 -0.0148805 -0.0262634 -0.0210314 0.0178081 0.0087404 0.0046057 0.0232622 -0.0036625 -0.0431204 -0.0245214 -0.0268325 -0.0139611 -0.0228555 0.0117699 0.0579622 0.0531213 -0.0140386 0.0451380 0.0538179 -0.0192952 0.0226303 -0.0384886 0.0199257 0.0355629 0.0045229 -0.0234475 -0.0210661 -0.0391319 -0.0330122 -0.0125827 -0.0187568 -0.0122481 -0.0040900 -0.0012335 -0.0071865 0.0206393 -0.0239982
0.0613957 0.0687101 0.0691603 0.0697818 0.0465954 0.0289175 -0.0109020 -0.0056263 -0.0159619 -0.0439951 0.0445624 0.0628180 -0.0514044 -0.0519975 -0.0336927 -0.0420652 -0.0157048 -0.0451228 -0.0402405 -0.0397597 -0.0487988 -0.0557549 -0.0501963 -0.0548224 -0.0438636 0.0330419 0.0293716 0.0002593 0.0079710 -0.0107711 -0.0186305 0.0268859 0.0329666 1.0085332 0.0233818 -0.0024560 -0.0360370 -0.0236550 -0.0617613 0.0137219 0.0176101 0.0290678 0.0128638 -0.0297507 0.0169625 0.0690047 -0.0054883 0.0335399 0.0403623 0.0287706 0.0163224 0.0083261 0.0076428 -0.0145357 -0.0095924 0.0034485 -0.0181770 0.0054917 -0.0148774 -0.0119613 -0.0032417 -0.0458391 -0.0060726 0.0258123 -0.0227439 -0.0179111 -0.0006185 -0.0155712 -0.0078841 -0.0206481 0.0049622 -0.0186291 -0.0331132 -0.0243793 0.0275923 0.0132730 0.0088800 0.0381197 -0.0027957 -0.0538231 -0.0335102 -0.0315722 -0.0172059 -0.0250062 0.0172114 0.0783058 0.0712524 -0.0158929 0.0630228 0.0734588 -0.0228400 0.0304067 -0.0490728 0.0296355 0.0507252 0.0079698 -0.0235931 -0.0201307 -0.0487997 -0.0417015 -0.0140458 -0.0267030 -0.0116649 -0.0013173 -0.0008731 -0.0043531 0.0306406 -0.0291080
