1.3248305 -0.0027138 -0.1177541 -0.1085217 -0.0031992 -0.0180617 -0.0025986 0.0097150 0.0407522 0.0404738 0.0181007 -0.0240254 -0.0031339 0.0387776 0.0221330 0.0180013 -0.0260525 -0.0584854 0.0424518 0.0170418 0.0708906 0.0030610 0.0444490 0.0055676 0.0317931 0.0342613 0.0694760 0.0874910 0.0601867 0.0168891 0.0615359 0.0214793 0.0639802 0.0455046 0.0236413 0.0863567 0.0529684 0.0821206 0.0814312 0.0393009 0.0434252 -0.0077804 0.0625692 0.0647687 0.0679979 -0.0195804 0.0271927 -0.0423908 -0.0079523 -0.0167801 -0.0139164 -0.0706692 -0.1024343 -0.0600273 -0.0702266 -0.0054319 -0.0143068 0.0171186 0.0106991 0.0640087 -0.0180116 0.0267846 -0.0435758 -0.0804045 0.0725562 0.0611049 0.0286164 0.0553388 -0.0499965 -0.0454087 -0.0871011 -0.0778586 -0.0619142 -0.0306102 -0.0449831 -0.0771017 -0.0755563 -0.0081937 -0.0399537 0.0336127 0.0571302 0.0430231 0.0540370 0.0465042 0.0150556 -0.0407358 -0.1044074 0.0276981 0.0051722 -0.0108390 -0.0994068 -0.0460831 0.0018760 -0.0643979 -0.0890834 -0.0629973 0.0173805 -0.0286916 0.0078844 -0.0347651 -0.0390718 -0.0509224 -0.0883032 0.0065823 -0.1073669 -0.0844126 -0.0907318 -0.0275567 -0.0688082 -0.1037051 -0.0854380 -0.0571890 -0.0907893 -0.0339630 -0.0392076 -0.0223859 -0.0817639 -0.0786185 -0.1132224 -0.1060706 -0.0909991 -0.0313502 -0.0936379 -0.1082717 -0.0052016 0.0078121 -0.0582820 -0.0847803
-0.0027138 1.1127949 -0.0045276 -0.0053965 -0.0040133 -0.0038549 -0.0041138 -0.0020873 -0.0017456 -0.0028872 -0.0029477 -0.0044079 -0.0051307 -0.0037456 -0.0031747 -0.0051592 -0.0045861 -0.0063181 -0.0039185 -0.0039613 -0.0057437 -0.0038784 -0.0039621 -0.0040520 -0.0036814 -0.0037900 -0.0030957 -0.0033995 -0.0046325 -0.0046219 -0.0041213 -0.0036247 -0.0014780 -0.0029978 -0.0045773 -0.0045186 -0.0040118 -0.0041895 -0.0027812 -0.0021901 -0.0039777 -0.0056799 -0.0022045 -0.0031412 -0.0032051 -0.0038513 -0.0037665 -0.0065281 -0.0048674 -0.0035800 -0.0039203 -0.0056641 -0.0067453 -0.0036441 -0.0058011 -0.0035308 -0.0037843 -0.0037696 -0.0045134 -0.0023658 -0.0051248 -0.0022836 -0.0042938 -0.0058634 -0.0006708 -0.0013769 -0.0018177 -0.0019416 -0.0056881 -0.0038398 -0.0079650 -0.0046236 -0.0052678 -0.0053198 -0.0061945 -0.0063873 -0.0049508 -0.0053643 -0.0051481 -0.0041269 -0.0026385 -0.0023563 -0.0019562 -0.0051156 -0.0041689 -0.0051129 -0.0041932 -0.0036598 -0.0047084 -0.0049546 -0.0050787 -0.0066425 -0.0021256 -0.0054441 -0.0055562 -0.0059211 -0.0046330 -0.0055591 -0.0022725 -0.0043101 -0.0035745 -0.0046365 -0.0046927 -0.0039389 -0.0051903 -0.0048786 -0.0049456 -0.0027009 -0.0071864 -0.0053173 -0.0062656 -0.0031658 -0.0064003 -0.0055689 -0.0060653 -0.0048204 -0.0072481 -0.0058431 -0.0060705 -0.0064146 -0.0063031 -0.0031045 -0.0058119 -0.0067290 -0.0039269 -0.0029429 -0.0060911 -0.0054654
-0.1177541 -0.0045276 0.9279405 0.1246856 -0.0035329 0.0180325 -0.0049416 -0.0194990 -0.0584972 -0.0592606 -0.0287284 0.0222065 -0.0021264 -0.0554501 -0.0338096 -0.0270039 0.0230092 0.0651976 -0.0594941 -0.0284408 -0.0939839 -0.0138481 -0.0631785 -0.0144633 -0.0471350 -0.0489663 -0.0972346 -0.1199153 -0.0808857 -0.0258598 -0.0851629 -0.0331595 -0.0933904 -0.0643353 -0.0362704 -0.1187350 -0.0717958 -0.1111108 -0.1111467 -0.0555015 -0.0621622 0.0023761 -0.0849578 -0.0879453 -0.0930514 0.0143893 -0.0390146 0.0465013 0.0019571 0.0110638 0.0088807 0.0776344 0.1168565 0.0656354 0.0767468 -0.0007183 0.0125258 -0.0274269 -0.0207152 -0.0887558 0.0169136 -0.0412300 0.0464942 0.0899137 -0.0984714 -0.0863667 -0.0434055 -0.0746778 0.0526009 0.0470425 0.0971698 0.0871609 0.0687812 0.0307320 0.0483123 0.0849431 0.0816453 0.0019207 0.0399159 -0.0479602 -0.0780370 -0.0605764 -0.0739306 -0.0654329 -0.0260848 0.0442040 0.1186762 -0.0416465 -0.0159532 0.0057951 0.1147239 0.0482737 -0.0129713 0.0703969 0.0993874 0.0686857 -0.0296698 0.0276677 -0.0194141 0.0358362 0.0401846 0.0547782 0.0999877 -0.0167893 0.1231326 0.0932257 0.1046819 0.0267095 0.0764636 0.1197456 0.0973355 0.0611190 0.1020833 0.0350297 0.0431295 0.0192003 0.0920528 0.0879212 0.1326993 0.1201802 0.1023417 0.0280760 0.1082524 0.1259338 -0.0027744 -0.0180533 0.0638446 0.0959284
-0.1085217 -0.0053965 0.1246856 0.9349250 -0.0043856 0.0153402 -0.0064712 -0.0197350 -0.0553913 -0.0550321 -0.0270790 0.0199507 -0.0041793 -0.0526890 -0.0327430 -0.0275078 0.0198533 0.0602232 -0.0574370 -0.0274998 -0.0885027 -0.0148335 -0.0600995 -0.0154572 -0.0438377 -0.0471415 -0.0918208 -0.1121369 -0.0754536 -0.0250555 -0.0801691 -0.0325207 -0.0880553 -0.0610355 -0.0359548 -0.1106655 -0.0680083 -0.1032407 -0.1024880 -0.0524764 -0.0582801 0.0008216 -0.0798959 -0.0826285 -0.0869715 0.0116426 -0.0379957 0.0412859 0.0001554 0.0082097 0.0063068 0.0705987 0.1078422 0.0595178 0.0685943 -0.0037767 0.0102970 -0.0269079 -0.0214313 -0.0838583 0.0147132 -0.0400483 0.0424035 0.0823350 -0.0924559 -0.0814577 -0.0422114 -0.0701848 0.0471707 0.0411273 0.0906200 0.0789632 0.0613392 0.0264816 0.0438410 0.0782739 0.0740503 0.0007783 0.0344182 -0.0462167 -0.0724632 -0.0572409 -0.0692679 -0.0631812 -0.0259521 0.0392316 0.1104090 -0.0404593 -0.0163111 0.0042543 0.1063799 0.0433892 -0.0125781 0.0657820 0.0912035 0.0623733 -0.0296977 0.0246713 -0.0197675 0.0325393 0.0354951 0.0498100 0.0909409 -0.0168139 0.1154344 0.0851286 0.0963790 0.0235864 0.0675932 0.1102027 0.0893033 0.0555504 0.0933074 0.0303492 0.0392045 0.0167050 0.0840551 0.0799231 0.1224773 0.1121042 0.0944544 0.0236814 0.0990752 0.1160687 -0.0048538 -0.0175168 0.0556785 0.0874631
-0.0031992 -0.0040133 -0.0035329 -0.0043856 1.0783242 -0.0034873 -0.0018196 -0.0031854 -0.0029154 -0.0021607 -0.0023330 -0.0035308 -0.0043824 -0.0021186 -0.0036863 -0.0036095 -0.0052830 -0.0042082 -0.0011866 -0.0027241 -0.0030304 -0.0032846 -0.0020222 -0.0032369 -0.0035531 -0.0031767 -0.0028771 -0.0033922 -0.0007393 -0.0044773 -0.0029365 -0.0034804 -0.0025313 -0.0015093 -0.0024259 -0.0020454 -0.0019795 -0.0017284 -0.0024143 -0.0027931 -0.0022188 -0.0033203 -0.0028773 -0.0018999 -0.0026718 -0.0046330 -0.0013683 -0.0052848 -0.0029979 -0.0043781 -0.0034124 -0.0052419 -0.0057080 -0.0051269 -0.0045999 -0.0034993 -0.0037333 -0.0023105 -0.0026694 -0.0013403 -0.0039512 -0.0029905 -0.0045319 -0.0053965 -0.0023373 -0.0030981 -0.0052309 -0.0020674 -0.0042208 -0.0046284 -0.0054252 -0.0050343 -0.0049980 -0.0034390 -0.0056397 -0.0047129 -0.0057635 -0.0050370 -0.0052525 -0.0032468 -0.0021889 -0.0036394 -0.0018178 -0.0030714 -0.0028752 -0.0049014 -0.0045356 -0.0035292 -0.0039007 -0.0045711 -0.0051048 -0.0031097 -0.0023278 -0.0044157 -0.0050628 -0.0048445 -0.0037881 -0.0035455 -0.0030705 -0.0043420 -0.0041394 -0.0042286 -0.0058145 -0.0046425 -0.0051303 -0.0047800 -0.0058552 -0.0046129 -0.0064614 -0.0054028 -0.0062808 -0.0058160 -0.0060696 -0.0034716 -0.0035742 -0.0036085 -0.0050432 -0.0056838 -0.0057562 -0.0056501 -0.0060313 -0.0052379 -0.0064671 -0.0062142 -0.0044582 -0.0047469 -0.0052442 -0.0059443
-0.0180617 -0.0038549 0.0180325 0.0153402 -0.0034873 1.0474806 -0.0025271 -0.0049649 -0.0127285 -0.0109156 -0.0064452 0.0003047 -0.0030604 -0.0120949 -0.0087130 -0.0057715 0.0009491 0.0066831 -0.0113726 -0.0068532 -0.0182604 -0.0036706 -0.0117251 -0.0049522 -0.0115231 -0.0101889 -0.0167964 -0.0206332 -0.0153360 -0.0059226 -0.0159314 -0.0079103 -0.0169539 -0.0107781 -0.0093865 -0.0192612 -0.0150597 -0.0204313 -0.0192119 -0.0103827 -0.0120997 -0.0031736 -0.0152687 -0.0157539 -0.0179135 -0.0016154 -0.0085632 0.0031344 -0.0024868 -0.0030490 -0.0015555 0.0078074 0.0119660 0.0048302 0.0061803 -0.0029927 -0.0011598 -0.0083489 -0.0061780 -0.0165784 -0.0021084 -0.0084247 0.0048151 0.0086996 -0.0164271 -0.0168052 -0.0096263 -0.0133884 0.0042452 0.0026458 0.0119801 0.0093863 0.0055976 0.0015747 0.0028613 0.0084716 0.0078378 -0.0035403 0.0013260 -0.0088473 -0.0138176 -0.0118977 -0.0137410 -0.0127868 -0.0073104 0.0034258 0.0126597 -0.0094597 -0.0033797 -0.0019545 0.0131385 0.0044032 -0.0071105 0.0075186 0.0115783 0.0064603 -0.0078395 0.0005880 -0.0068381 0.0029996 0.0010020 0.0054741 0.0104363 -0.0058635 0.0135675 0.0081696 0.0104178 -0.0004299 0.0055730 0.0127563 0.0093160 0.0051121 0.0110986 0.0020360 0.0039927 -0.0011741 0.0089469 0.0093789 0.0148770 0.0136040 0.0114940 -0.0004497 0.0115486 0.0137709 -0.0040524 -0.0051706 0.0044997 0.0096860
-0.0025986 -0.0041138 -0.0049416 -0.0064712 -0.0018196 -0.0025271 1.0900856 -0.0016433 -0.0011642 -0.0030373 -0.0029047 -0.0048362 -0.0035335 -0.0025899 -0.0023407 -0.0031082 -0.0056473 -0.0049270 -0.0030970 -0.0034547 -0.0019615 -0.0035627 -0.0028051 -0.0024401 -0.0014635 -0.0010886 -0.0019320 -0.0023240 -0.0034909 -0.0027156 -0.0014176 -0.0031775 -0.0012547 -0.0016778 -0.0046310 -0.0008634 -0.0023174 -0.0012096 -0.0020856 -0.0009573 -0.0028676 -0.0036242 -0.0014408 -0.0013145 -0.0015608 -0.0037072 -0.0029434 -0.0061572 -0.0041600 -0.0057973 -0.0049560 -0.0068713 -0.0063339 -0.0071844 -0.0058185 -0.0034598 -0.0047016 -0.0039956 -0.0037620 -0.0034014 -0.0038157 -0.0028537 -0.0057690 -0.0069811 -0.0010704 -0.0013899 -0.0032094 -0.0035942 -0.0066831 -0.0023798 -0.0062110 -0.0065397 -0.0058620 -0.0030634 -0.0058884 -0.0062457 -0.0055571 -0.0031721 -0.0054182 -0.0012237 -0.0015930 -0.0024507 -0.0021327 -0.0030025 -0.0016634 -0.0056954 -0.0071239 -0.0021224 -0.0032637 -0.0045217 -0.0065800 -0.0027540 -0.0040042 -0.0058514 -0.0057546 -0.0053882 -0.0038484 -0.0046565 -0.0028508 -0.0045640 -0.0067912 -0.0052477 -0.0059214 -0.0042379 -0.0073073 -0.0082675 -0.0061900 -0.0050644 -0.0085002 -0.0075654 -0.0081404 -0.0066780 -0.0076565 -0.0053384 -0.0038334 -0.0037558 -0.0067375 -0.0062393 -0.0082085 -0.0068857 -0.0059572 -0.0050063 -0.0069154 -0.0070290 -0.0035920 -0.0044516 -0.0057974 -0.0070064
0.0097150 -0.0020873 -0.0194990 -0.0197350 -0.0031854 -0.0049649 -0.0016433 1.1171335 0.0034432 0.0040031 -0.0000404 -0.0063329 -0.0058321 0.0023764 0.0003967 -0.0011802 -0.0082959 -0.0112852 0.0047003 -0.0000070 0.0058279 -0.0029092 0.0028568 -0.0033346 0.0013316 0.0021589 0.0063011 0.0100157 0.0066890 0.0009516 0.0071469 0.0000427 0.0057215 0.0036329 0.0005411 0.0108224 0.0056847 0.0108212 0.0106704 0.0032217 0.0047786 -0.0051483 0.0057149 0.0075270 0.0087435 -0.0050728 0.0018937 -0.0123343 -0.0040491 -0.0070201 -0.0068733 -0.0152095 -0.0197947 -0.0123005 -0.0150374 -0.0033912 -0.0063447 -0.0029041 -0.0011376 0.0075291 -0.0063487 0.0013528 -0.0102655 -0.0161669 0.0074431 0.0063239 -0.0004669 0.0043915 -0.0103566 -0.0084370 -0.0158092 -0.0160291 -0.0137453 -0.0071110 -0.0094771 -0.0148334 -0.0152524 -0.0035638 -0.0098238 0.0024985 0.0057479 0.0033494 0.0040540 0.0048870 0.0007878 -0.0118666 -0.0193485 0.0009632 -0.0015995 -0.0048223 -0.0188667 -0.0106676 -0.0020794 -0.0129276 -0.0166837 -0.0133830 0.0016443 -0.0074316 -0.0013825 -0.0081583 -0.0101354 -0.0094926 -0.0167801 -0.0023791 -0.0200077 -0.0174458 -0.0181088 -0.0073660 -0.0152039 -0.0208122 -0.0176140 -0.0132968 -0.0177477 -0.0095605 -0.0106970 -0.0055106 -0.0162043 -0.0153050 -0.0223562 -0.0181807 -0.0190939 -0.0099680 -0.0189232 -0.0204411 -0.0043469 -0.0027592 -0.0153711 -0.0153737
0.0407522 -0.0017456 -0.0584972 -0.0553913 -0.0029154 -0.0127285 -0.0011642 0.0034432 1.1796089 0.0195027 0.0087873 -0.0128075 -0.0054299 0.0170971 0.0086837 0.0065249 -0.0151102 -0.0328915 0.0183831 0.0062617 0.0348609 0.0015903 0.0188118 0.0010907 0.0135798 0.0154094 0.0324721 0.0426980 0.0283280 0.0058684 0.0282917 0.0083097 0.0312115 0.0206494 0.0077989 0.0407255 0.0244328 0.0404438 0.0372508 0.0177365 0.0214062 -0.0051212 0.0291716 0.0312554 0.0325252 -0.0095917 0.0111728 -0.0239537 -0.0059235 -0.0106381 -0.0080718 -0.0373919 -0.0532658 -0.0329004 -0.0367228 -0.0047980 -0.0112165 0.0047277 0.0039068 0.0322846 -0.0119049 0.0109565 -0.0238481 -0.0419279 0.0351314 0.0278358 0.0138844 0.0262053 -0.0255673 -0.0220984 -0.0451762 -0.0418668 -0.0336803 -0.0175426 -0.0253593 -0.0405206 -0.0384781 -0.0072547 -0.0203078 0.0158699 0.0286524 0.0197883 0.0254825 0.0220311 0.0059159 -0.0224770 -0.0539703 0.0124971 0.0026421 -0.0073559 -0.0521462 -0.0248638 0.0008062 -0.0347070 -0.0466091 -0.0328702 0.0074526 -0.0154359 0.0020626 -0.0184530 -0.0206432 -0.0278960 -0.0458177 0.0027670 -0.0543102 -0.0442227 -0.0479665 -0.0155152 -0.0351376 -0.0541253 -0.0460241 -0.0297443 -0.0483396 -0.0194542 -0.0221491 -0.0119853 -0.0423128 -0.0418728 -0.0589716 -0.0546207 -0.0467803 -0.0156148 -0.0497706 -0.0564569 -0.0042699 0.0043738 -0.0334143 -0.0436733
0.0404738 -0.0028872 -0.0592606 -0.0550321 -0.0021607 -0.0109156 -0.0030373 0.0040031 0.0195027 1.1810842 0.0088831 -0.0136903 -0.0053658 0.0159843 0.0077568 0.0062455 -0.0137508 -0.0300791 0.0193205 0.0058546 0.0326750 0.0022422 0.0206997 0.0015525 0.0160601 0.0161438 0.0325514 0.0414477 0.0275705 0.0073238 0.0306578 0.0077689 0.0315185 0.0220559 0.0092719 0.0417810 0.0233387 0.0390835 0.0396857 0.0182917 0.0216336 -0.0050767 0.0288154 0.0304926 0.0336297 -0.0105781 0.0118587 -0.0249134 -0.0060837 -0.0107949 -0.0091208 -0.0377855 -0.0536810 -0.0330095 -0.0370196 -0.0049301 -0.0112259 0.0061673 0.0046448 0.0290179 -0.0120190 0.0130154 -0.0225715 -0.0410957 0.0337650 0.0299421 0.0131468 0.0246377 -0.0253426 -0.0238873 -0.0464212 -0.0407140 -0.0338112 -0.0164601 -0.0255435 -0.0399591 -0.0405787 -0.0063126 -0.0215661 0.0155763 0.0267516 0.0211455 0.0252124 0.0215297 0.0070971 -0.0227808 -0.0548659 0.0126188 0.0015133 -0.0080044 -0.0535591 -0.0242580 -0.0002829 -0.0336195 -0.0464963 -0.0339504 0.0092646 -0.0170624 0.0039154 -0.0185362 -0.0237228 -0.0290900 -0.0466026 0.0012335 -0.0555203 -0.0432343 -0.0479942 -0.0154387 -0.0377639 -0.0545837 -0.0471112 -0.0313311 -0.0469817 -0.0204320 -0.0219513 -0.0131699 -0.0420354 -0.0407652 -0.0591422 -0.0547625 -0.0474455 -0.0173898 -0.0509548 -0.0568432 -0.0039371 0.0030340 -0.0320830 -0.0462416
0.0181007 -0.0029477 -0.0287284 -0.0270790 -0.0023330 -0.0064452 -0.0029047 -0.0000404 0.0087873 0.0088831 1.1069117 -0.0074287 -0.0040448 0.0061935 0.0025728 0.0018163 -0.0079550 -0.0170673 0.0078218 0.0012038 0.0141595 -0.0025895 0.0089322 -0.0003274 0.0055357 0.0051072 0.0141783 0.0213148 0.0119339 0.0033363 0.0129312 0.0023892 0.0145897 0.0104002 0.0031627 0.0182596 0.0106449 0.0181187 0.0173533 0.0066663 0.0084470 -0.0053413 0.0129841 0.0144575 0.0150430 -0.0058339 0.0047257 -0.0127812 -0.0046488 -0.0070414 -0.0062748 -0.0201679 -0.0276666 -0.0166856 -0.0190979 -0.0037219 -0.0066817 0.0009866 0.0004997 0.0140767 -0.0076341 0.0032509 -0.0134832 -0.0214689 0.0143514 0.0129936 0.0037314 0.0108715 -0.0144666 -0.0126037 -0.0227930 -0.0211906 -0.0180633 -0.0091053 -0.0138762 -0.0209724 -0.0208844 -0.0042042 -0.0124079 0.0062130 0.0094469 0.0088783 0.0101803 0.0091452 -0.0003159 -0.0133529 -0.0281122 0.0038996 -0.0002226 -0.0054308 -0.0268642 -0.0131680 -0.0016128 -0.0179616 -0.0240548 -0.0184546 0.0043385 -0.0086292 0.0008367 -0.0111463 -0.0120265 -0.0139878 -0.0236719 0.0001494 -0.0287659 -0.0242615 -0.0243444 -0.0084323 -0.0194096 -0.0285027 -0.0240806 -0.0163413 -0.0237102 -0.0109944 -0.0133260 -0.0073063 -0.0235344 -0.0225573 -0.0291643 -0.0282575 -0.0237714 -0.0097802 -0.0263918 -0.0296961 -0.0034785 0.0001844 -0.0174652 -0.0236693
-0.0240254 -0.0044079 0.0222065 0.0199507 -0.0035308 0.0003047 -0.0048362 -0.0063329 -0.0128075 -0.0136903 -0.0074287 1.0539966 -0.0034455 -0.0125812 -0.0095406 -0.0078136 -0.0004041 0.0087325 -0.0132366 -0.0086078 -0.0193320 -0.0060304 -0.0128799 -0.0064780 -0.0118547 -0.0127344 -0.0198590 -0.0257037 -0.0157910 -0.0078178 -0.0179699 -0.0078664 -0.0201218 -0.0165556 -0.0088683 -0.0252392 -0.0163372 -0.0199168 -0.0233765 -0.0125832 -0.0148123 -0.0030648 -0.0179465 -0.0184143 -0.0186677 0.0006982 -0.0105856 0.0059546 -0.0033507 -0.0029108 -0.0034254 0.0094026 0.0170496 0.0086498 0.0084361 -0.0036436 -0.0002252 -0.0082513 -0.0073841 -0.0186565 -0.0007514 -0.0102972 0.0038717 0.0092457 -0.0201404 -0.0190548 -0.0114948 -0.0144692 0.0054166 0.0048420 0.0136603 0.0111288 0.0080137 0.0020239 0.0044072 0.0115022 0.0102719 -0.0029767 0.0031750 -0.0119790 -0.0166926 -0.0141397 -0.0181526 -0.0148680 -0.0074984 0.0044338 0.0179339 -0.0094215 -0.0046293 -0.0023412 0.0168731 0.0052317 -0.0057587 0.0094162 0.0145796 0.0088741 -0.0071774 0.0018502 -0.0077987 0.0033009 0.0029846 0.0063726 0.0132235 -0.0072071 0.0180910 0.0110435 0.0145051 0.0007874 0.0075754 0.0174870 0.0119117 0.0068513 0.0145715 0.0029996 0.0028489 -0.0002040 0.0125137 0.0124605 0.0177297 0.0180912 0.0138677 -0.0002007 0.0141694 0.0189027 -0.0040353 -0.0064686 0.0060036 0.0144876
-0.0031339 -0.0051307 -0.0021264 -0.0041793 -0.0043824 -0.0030604 -0.0035335 -0.0058321 -0.0054299 -0.0053658 -0.0040448 -0.0034455 1.1053231 -0.0040146 -0.0040893 -0.0040917 -0.0052498 -0.0034819 -0.0033353 -0.0035165 -0.0036282 -0.0052180 -0.0041665 -0.0048778 -0.0036563 -0.0041060 -0.0053604 -0.0051952 -0.0036101 -0.0053200 -0.0037680 -0.0044279 -0.0068571 -0.0052948 -0.0026108 -0.0060075 -0.0040551 -0.0049162 -0.0031603 -0.0042489 -0.0034442 -0.0041798 -0.0047246 -0.0027599 -0.0035711 -0.0033651 -0.0045205 -0.0044307 -0.0044368 -0.0052549 -0.0020427 -0.0042941 -0.0050768 -0.0056353 -0.0048152 -0.0053253 -0.0038116 -0.0048228 -0.0043547 -0.0029728 -0.0058569 -0.0049190 -0.0046387 -0.0050121 -0.0048827 -0.0032146 -0.0044179 -0.0037745 -0.0042939 -0.0055410 -0.0037953 -0.0030732 -0.0058412 -0.0031822 -0.0047003 -0.0045883 -0.0038583 -0.0037598 -0.0038001 -0.0037303 -0.0050662 -0.0047899 -0.0029188 -0.0036691 -0.0045153 -0.0046665 -0.0045066 -0.0026534 -0.0029024 -0.0038283 -0.0050250 -0.0052066 -0.0037332 -0.0041355 -0.0050806 -0.0051585 -0.0046249 -0.0030606 -0.0043521 -0.0045935 -0.0043952 -0.0049864 -0.0046728 -0.0050747 -0.0058217 -0.0050978 -0.0043715 -0.0050195 -0.0058218 -0.0051255 -0.0044412 -0.0044276 -0.0049093 -0.0049459 -0.0042177 -0.0056067 -0.0040322 -0.0048132 -0.0054319 -0.0054905 -0.0039032 -0.0039451 -0.0047888 -0.0045660 -0.0038537 -0.0041271 -0.0051110 -0.0054980
0.0387776 -0.0037456 -0.0554501 -0.0526890 -0.0021186 -0.0120949 -0.0025899 0.0023764 0.0170971 0.0159843 0.0061935 -0.0125812 -0.0040146 1.1729294 0.0082448 0.0058717 -0.0129722 -0.0297476 0.0170524 0.0054123 0.0297116 0.0006127 0.0175609 0.0027312 0.0135337 0.0141041 0.0308704 0.0394908 0.0273935 0.0059391 0.0274259 0.0085719 0.0282712 0.0210055 0.0087593 0.0389357 0.0229344 0.0360437 0.0351623 0.0164719 0.0182692 -0.0042070 0.0280781 0.0260906 0.0311265 -0.0080261 0.0112248 -0.0215851 -0.0060144 -0.0077166 -0.0087453 -0.0336765 -0.0503638 -0.0311404 -0.0343477 -0.0052367 -0.0096785 0.0033904 0.0033343 0.0299767 -0.0111822 0.0110341 -0.0218373 -0.0395506 0.0329895 0.0277876 0.0088706 0.0219032 -0.0256898 -0.0219697 -0.0445640 -0.0392065 -0.0318320 -0.0141281 -0.0247321 -0.0368013 -0.0370960 -0.0059350 -0.0212695 0.0143073 0.0239437 0.0165271 0.0238954 0.0213054 0.0052336 -0.0206606 -0.0503700 0.0102365 0.0008573 -0.0071747 -0.0497071 -0.0235582 0.0005054 -0.0322907 -0.0436027 -0.0306540 0.0066767 -0.0139808 0.0039640 -0.0190713 -0.0188956 -0.0263071 -0.0438079 0.0019299 -0.0520215 -0.0427183 -0.0453149 -0.0145055 -0.0347729 -0.0501550 -0.0426690 -0.0285311 -0.0464556 -0.0176876 -0.0214518 -0.0116171 -0.0402463 -0.0402065 -0.0545512 -0.0516920 -0.0429131 -0.0169695 -0.0460798 -0.0542498 -0.0040562 0.0005885 -0.0311975 -0.0427602
0.0221330 -0.0031747 -0.0338096 -0.0327430 -0.0036863 -0.0087130 -0.0023407 0.0003967 0.0086837 0.0077568 0.0025728 -0.0095406 -0.0040893 0.0082448 1.1407980 0.0025621 -0.0101938 -0.0210287 0.0098175 0.0025641 0.0166996 0.0008559 0.0097596 -0.0016662 0.0064659 0.0052950 0.0165116 0.0236367 0.0126934 0.0029513 0.0156767 0.0020799 0.0163201 0.0103054 0.0040641 0.0210421 0.0144673 0.0229032 0.0204072 0.0072703 0.0095911 -0.0050257 0.0145020 0.0148771 0.0159925 -0.0071045 0.0051481 -0.0147713 -0.0044029 -0.0064846 -0.0078706 -0.0218196 -0.0312537 -0.0186918 -0.0229223 -0.0034650 -0.0060814 -0.0004594 0.0006741 0.0153798 -0.0075986 0.0057560 -0.0164535 -0.0273288 0.0185684 0.0160966 0.0053524 0.0108083 -0.0175981 -0.0151128 -0.0266011 -0.0246745 -0.0202348 -0.0117670 -0.0148812 -0.0239986 -0.0235769 -0.0043531 -0.0146075 0.0064819 0.0118960 0.0101069 0.0131591 0.0098577 0.0025417 -0.0142443 -0.0326593 0.0062045 -0.0006873 -0.0070741 -0.0305641 -0.0145336 -0.0029821 -0.0210096 -0.0278117 -0.0211504 0.0017313 -0.0095329 -0.0012698 -0.0127670 -0.0147850 -0.0172758 -0.0281964 -0.0011987 -0.0335593 -0.0265089 -0.0287890 -0.0100148 -0.0239488 -0.0341145 -0.0284938 -0.0191158 -0.0289907 -0.0140336 -0.0145795 -0.0096556 -0.0253189 -0.0251147 -0.0344790 -0.0321273 -0.0281767 -0.0125108 -0.0315529 -0.0349103 -0.0050650 -0.0000610 -0.0202283 -0.0286841
0.0180013 -0.0051592 -0.0270039 -0.0275078 -0.0036095 -0.0057715 -0.0031082 -0.0011802 0.0065249 0.0062455 0.0018163 -0.0078136 -0.0040917 0.0058717 0.0025621 1.1255479 -0.0080992 -0.0165702 0.0074308 -0.0000982 0.0113379 -0.0026363 0.0073567 0.0004650 0.0032326 0.0040049 0.0136324 0.0171312 0.0103216 0.0024285 0.0101026 0.0034593 0.0109826 0.0057915 0.0023466 0.0182721 0.0075236 0.0151370 0.0160582 0.0073094 0.0056993 -0.0047420 0.0099235 0.0121963 0.0117374 -0.0064591 0.0029069 -0.0143192 -0.0038668 -0.0069977 -0.0050045 -0.0189454 -0.0263346 -0.0169537 -0.0197905 -0.0032956 -0.0065818 -0.0007350 -0.0021430 0.0131054 -0.0067188 0.0037880 -0.0133454 -0.0219782 0.0116313 0.0099155 0.0026227 0.0094507 -0.0135662 -0.0131304 -0.0226305 -0.0212441 -0.0169654 -0.0079859 -0.0146299 -0.0198132 -0.0198188 -0.0045301 -0.0119111 0.0048133 0.0097296 0.0063315 0.0059144 0.0083602 0.0004826 -0.0133675 -0.0270741 0.0027846 0.0005485 -0.0063118 -0.0244930 -0.0128534 -0.0025298 -0.0180875 -0.0233025 -0.0187372 0.0029907 -0.0088162 -0.0023512 -0.0100983 -0.0109377 -0.0130817 -0.0231775 -0.0018027 -0.0277862 -0.0220182 -0.0228269 -0.0103618 -0.0197080 -0.0277177 -0.0226105 -0.0152115 -0.0242049 -0.0124193 -0.0102724 -0.0072542 -0.0212179 -0.0217677 -0.0293337 -0.0254398 -0.0250747 -0.0108551 -0.0252737 -0.0269609 -0.0042555 -0.0018103 -0.0193227 -0.0219459
-0.0260525 -0.0045861 0.0230092 0.0198533 -0.0052830 0.0009491 -0.0056473 -0.0082959 -0.0151102 -0.0137508 -0.0079550 -0.0004041 -0.0052498 -0.0129722 -0.0101938 -0.0080992 1.0922445 0.0080586 -0.0145000 -0.0084533 -0.0198786 -0.0053721 -0.0136553 -0.0050047 -0.0117491 -0.0127487 -0.0227432 -0.0255160 -0.0200611 -0.0090704 -0.0181162 -0.0091845 -0.0191361 -0.0149574 -0.0098547 -0.0243833 -0.0161352 -0.0244879 -0.0238019 -0.0134546 -0.0167810 -0.0040298 -0.0200483 -0.0205600 -0.0216268 -0.0009282 -0.0097609 0.0039246 -0.0043218 -0.0021721 -0.0020896 0.0099062 0.0169939 0.0079869 0.0091828 -0.0032165 -0.0031534 -0.0083977 -0.0064119 -0.0197580 -0.0008770 -0.0108204 0.0033589 0.0112274 -0.0232708 -0.0205013 -0.0126283 -0.0202836 0.0034778 0.0048559 0.0133306 0.0121669 0.0080493 0.0007965 0.0046356 0.0107118 0.0096610 -0.0048069 0.0026640 -0.0123279 -0.0169458 -0.0165238 -0.0171374 -0.0146173 -0.0087776 0.0021336 0.0175450 -0.0116408 -0.0064302 -0.0029177 0.0151665 0.0040886 -0.0061796 0.0080033 0.0130516 0.0085679 -0.0091845 0.0003923 -0.0079163 0.0026776 0.0015128 0.0056740 0.0126487 -0.0082521 0.0172133 0.0122314 0.0141259 0.0023624 0.0069682 0.0156893 0.0123319 0.0082110 0.0144559 0.0023021 0.0024599 -0.0015078 0.0118495 0.0103009 0.0186313 0.0189602 0.0135451 -0.0011598 0.0139209 0.0176703 -0.0042215 -0.0074895 0.0055781 0.0124271
-0.0584854 -0.0063181 0.0651976 0.0602232 -0.0042082 0.0066831 -0.0049270 -0.0112852 -0.0328915 -0.0300791 -0.0170673 0.0087325 -0.0034819 -0.0297476 -0.0210287 -0.0165702 0.0080586 1.0219557 -0.0307628 -0.0152620 -0.0472683 -0.0090994 -0.0332250 -0.0088033 -0.0264718 -0.0257531 -0.0509618 -0.0598859 -0.0416140 -0.0155561 -0.0440702 -0.0196117 -0.0484434 -0.0339796 -0.0207603 -0.0606229 -0.0373357 -0.0566643 -0.0551782 -0.0301220 -0.0330398 -0.0010783 -0.0440944 -0.0461336 -0.0470004 0.0046678 -0.0215851 0.0192087 -0.0014380 0.0025201 0.0006491 0.0357807 0.0549317 0.0285308 0.0345893 -0.0013247 0.0027106 -0.0162624 -0.0123320 -0.0453435 0.0048248 -0.0224234 0.0209961 0.0388970 -0.0514830 -0.0463669 -0.0253028 -0.0396977 0.0227997 0.0194956 0.0463040 0.0382668 0.0290142 0.0121811 0.0189987 0.0391124 0.0353560 -0.0027165 0.0147706 -0.0245326 -0.0398898 -0.0330909 -0.0386318 -0.0339099 -0.0161886 0.0170490 0.0559652 -0.0229986 -0.0100324 0.0012182 0.0529303 0.0196430 -0.0096635 0.0324731 0.0462818 0.0287511 -0.0169273 0.0110115 -0.0127400 0.0152832 0.0156056 0.0260814 0.0438043 -0.0109545 0.0577326 0.0409390 0.0477544 0.0109004 0.0305684 0.0541316 0.0432990 0.0254304 0.0463188 0.0130763 0.0176553 0.0064535 0.0421172 0.0395749 0.0614030 0.0569241 0.0456551 0.0091408 0.0479405 0.0596672 -0.0041140 -0.0123546 0.0258637 0.0426510
0.0424518 -0.0039185 -0.0594941 -0.0574370 -0.0011866 -0.0113726 -0.0030970 0.0047003 0.0183831 0.0193205 0.0078218 -0.0132366 -0.0033353 0.0170524 0.0098175 0.0074308 -0.0145000 -0.0307628 1.1792675 0.0076561 0.0331212 0.0011712 0.0208937 0.0024515 0.0154153 0.0151114 0.0344971 0.0434180 0.0294107 0.0070086 0.0321846 0.0091381 0.0327003 0.0213248 0.0092026 0.0437450 0.0247674 0.0410819 0.0405075 0.0198989 0.0186364 -0.0033847 0.0315200 0.0290927 0.0335284 -0.0101659 0.0119945 -0.0245157 -0.0051278 -0.0105797 -0.0085296 -0.0375031 -0.0530750 -0.0333748 -0.0359681 -0.0046449 -0.0099212 0.0075784 0.0041494 0.0314027 -0.0110185 0.0113433 -0.0237185 -0.0429641 0.0346112 0.0301016 0.0116089 0.0242378 -0.0265110 -0.0246175 -0.0445754 -0.0428882 -0.0355514 -0.0161270 -0.0241754 -0.0413676 -0.0412825 -0.0058008 -0.0218163 0.0155342 0.0278902 0.0198399 0.0259299 0.0225319 0.0068976 -0.0247003 -0.0561431 0.0130761 0.0023999 -0.0061654 -0.0546740 -0.0250116 0.0002975 -0.0330760 -0.0483813 -0.0344778 0.0090102 -0.0159600 0.0026836 -0.0200165 -0.0221010 -0.0281089 -0.0477822 0.0003016 -0.0557837 -0.0433964 -0.0487286 -0.0161429 -0.0383774 -0.0557536 -0.0475799 -0.0288490 -0.0477475 -0.0177922 -0.0228899 -0.0135005 -0.0438668 -0.0447115 -0.0604588 -0.0537287 -0.0489625 -0.0167583 -0.0495980 -0.0559892 -0.0044595 0.0018073 -0.0338140 -0.0447834
0.0170418 -0.0039613 -0.0284408 -0.0274998 -0.0027241 -0.0068532 -0.0034547 -0.0000070 0.0062617 0.0058546 0.0012038 -0.0086078 -0.0035165 0.0054123 0.0025641 -0.0000982 -0.0084533 -0.0152620 0.0076561 1.1284947 0.0138024 -0.0018001 0.0078426 -0.0024094 0.0033968 0.0045483 0.0149657 0.0170486 0.0104212 0.0015019 0.0099523 0.0021937 0.0123739 0.0086439 0.0009563 0.0157613 0.0102981 0.0182116 0.0158520 0.0066754 0.0070078 -0.0047204 0.0103781 0.0139990 0.0127315 -0.0077236 0.0038229 -0.0134815 -0.0040784 -0.0060701 -0.0056745 -0.0186624 -0.0270789 -0.0164704 -0.0197727 -0.0038721 -0.0072042 0.0010663 -0.0004710 0.0133359 -0.0088908 0.0047773 -0.0128462 -0.0220789 0.0109873 0.0094859 0.0037544 0.0090683 -0.0161555 -0.0127162 -0.0227166 -0.0214972 -0.0180324 -0.0099243 -0.0146433 -0.0191995 -0.0198831 -0.0062045 -0.0139970 0.0040289 0.0107811 0.0078797 0.0077524 0.0068260 0.0003570 -0.0126248 -0.0277097 0.0041036 -0.0013534 -0.0062957 -0.0258745 -0.0138666 -0.0040482 -0.0178640 -0.0242949 -0.0169774 0.0033712 -0.0094642 -0.0013066 -0.0117924 -0.0118662 -0.0159784 -0.0220803 -0.0017046 -0.0282998 -0.0235109 -0.0247546 -0.0090230 -0.0216876 -0.0278368 -0.0248008 -0.0156771 -0.0246471 -0.0101328 -0.0127352 -0.0081932 -0.0227887 -0.0223369 -0.0291417 -0.0266278 -0.0248506 -0.0101165 -0.0260187 -0.0286294 -0.0044272 -0.0011078 -0.0194794 -0.0235867
0.0708906 -0.0057437 -0.0939839 -0.0885027 -0.0030304 -0.0182604 -0.0019615 0.0058279 0.0348609 0.0326750 0.0141595 -0.0193320 -0.0036282 0.0297116 0.0166996 0.0113379 -0.0198786 -0.0472683 0.0331212 0.0138024 1.2516483 0.0053115 0.0360807 0.0034870 0.0250989 0.0278274 0.0586663 0.0677528 0.0474609 0.0120425 0.0514255 0.0155592 0.0530228 0.0362956 0.0170321 0.0692284 0.0434266 0.0691666 0.0673960 0.0326964 0.0358580 -0.0074613 0.0495008 0.0519296 0.0529906 -0.0132734 0.0202337 -0.0352509 -0.0051601 -0.0135190 -0.0118296 -0.0570419 -0.0824980 -0.0501736 -0.0577984 -0.0035406 -0.0153818 0.0104685 0.0079195 0.0512888 -0.0168318 0.0225171 -0.0346694 -0.0656734 0.0590683 0.0496115 0.0224464 0.0420883 -0.0413243 -0.0367383 -0.0691145 -0.0634431 -0.0515747 -0.0259073 -0.0372246 -0.0624748 -0.0616460 -0.0067102 -0.0326781 0.0267968 0.0455709 0.0333889 0.0410233 0.0361542 0.0116723 -0.0358353 -0.0853392 0.0233360 0.0071832 -0.0091616 -0.0821925 -0.0365325 0.0018788 -0.0518805 -0.0735667 -0.0509277 0.0149844 -0.0218439 0.0085989 -0.0296766 -0.0326734 -0.0413389 -0.0736154 0.0055378 -0.0868691 -0.0679335 -0.0755193 -0.0235620 -0.0565691 -0.0835255 -0.0717045 -0.0448622 -0.0756668 -0.0272978 -0.0339050 -0.0181970 -0.0652730 -0.0654896 -0.0943592 -0.0840458 -0.0748622 -0.0249163 -0.0760772 -0.0882437 -0.0041202 0.0048814 -0.0482798 -0.0704786
0.0030610 -0.0038784 -0.0138481 -0.0148335 -0.0032846 -0.0036706 -0.0035627 -0.0029092 0.0015903 0.0022422 -0.0025895 -0.0060304 -0.0052180 0.0006127 0.0008559 -0.0026363 -0.0053721 -0.0090994 0.0011712 -0.0018001 0.0053115 1.1092120 0.0021952 -0.0035381 0.0003067 -0.0015577 0.0039112 0.0045520 0.0037579 -0.0010268 0.0035871 -0.0007314 0.0031256 0.0014293 -0.0011384 0.0068495 0.0018232 0.0058902 0.0054903 -0.0003447 0.0021954 -0.0045964 0.0023602 0.0023699 0.0030509 -0.0057606 -0.0013321 -0.0096307 -0.0045291 -0.0050459 -0.0071129 -0.0117358 -0.0144860 -0.0111313 -0.0113108 -0.0040551 -0.0049508 -0.0017053 -0.0022422 0.0041609 -0.0054969 0.0011773 -0.0080895 -0.0138457 0.0012844 0.0025282 -0.0010954 0.0017261 -0.0101390 -0.0088191 -0.0118150 -0.0130276 -0.0096501 -0.0057908 -0.0089271 -0.0112223 -0.0127798 -0.0047650 -0.0066009 -0.0002845 0.0034096 0.0012072 0.0022976 0.0015162 -0.0011822 -0.0088148 -0.0152316 0.0003578 -0.0024804 -0.0035522 -0.0148361 -0.0081683 -0.0044100 -0.0116410 -0.0133894 -0.0099572 0.0004518 -0.0050440 -0.0040685 -0.0069184 -0.0071856 -0.0082586 -0.0130529 -0.0001889 -0.0143277 -0.0130641 -0.0132890 -0.0062134 -0.0129778 -0.0152466 -0.0136693 -0.0110599 -0.0140398 -0.0075544 -0.0071253 -0.0057771 -0.0130457 -0.0124977 -0.0152067 -0.0131733 -0.0135813 -0.0077477 -0.0139974 -0.0144468 -0.0044465 -0.0036860 -0.0111153 -0.0138937
0.0444490 -0.0039621 -0.0631785 -0.0600995 -0.0020222 -0.0117251 -0.0028051 0.0028568 0.0188118 0.0206997 0.0089322 -0.0128799 -0.0041665 0.0175609 0.0097596 0.0073567 -0.0136553 -0.0332250 0.0208937 0.0078426 0.0360807 0.0021952 1.1886959 0.0021433 0.0156629 0.0169857 0.0365780 0.0453374 0.0313826 0.0069428 0.0325649 0.0106521 0.0356024 0.0237796 0.0096333 0.0460395 0.0267423 0.0430561 0.0423326 0.0193780 0.0215556 -0.0050377 0.0328406 0.0340358 0.0337057 -0.0116000 0.0147689 -0.0264414 -0.0053496 -0.0092963 -0.0078207 -0.0408826 -0.0573045 -0.0351584 -0.0400418 -0.0047635 -0.0086346 0.0076613 0.0033999 0.0347312 -0.0115582 0.0118219 -0.0257217 -0.0447587 0.0370683 0.0319742 0.0120700 0.0286171 -0.0270006 -0.0266325 -0.0487322 -0.0450073 -0.0369117 -0.0179696 -0.0253575 -0.0427027 -0.0409496 -0.0071309 -0.0238919 0.0160974 0.0292143 0.0220343 0.0265496 0.0250043 0.0074377 -0.0240110 -0.0593151 0.0139072 0.0039102 -0.0063573 -0.0569533 -0.0260373 0.0005752 -0.0367309 -0.0503497 -0.0369105 0.0081552 -0.0179006 0.0044524 -0.0196598 -0.0237728 -0.0289572 -0.0486911 0.0036210 -0.0598177 -0.0454891 -0.0519972 -0.0170472 -0.0391775 -0.0579192 -0.0498268 -0.0334826 -0.0499965 -0.0203297 -0.0230834 -0.0137842 -0.0447779 -0.0450578 -0.0635252 -0.0578489 -0.0513716 -0.0199919 -0.0538455 -0.0604369 -0.0052122 0.0020535 -0.0353327 -0.0480627
0.0055676 -0.0040520 -0.0144633 -0.0154572 -0.0032369 -0.0049522 -0.0024401 -0.0033346 0.0010907 0.0015525 -0.0003274 -0.0064780 -0.0048778 0.0027312 -0.0016662 0.0004650 -0.0050047 -0.0088033 0.0024515 -0.0024094 0.0034870 -0.0035381 0.0021433 1.1079149 -0.0001667 0.0009203 0.0043932 0.0092175 0.0035372 -0.0006228 0.0033136 -0.0012060 0.0024766 0.0019407 -0.0009949 0.0078722 0.0029575 0.0073006 0.0051725 -0.0002880 0.0009690 -0.0021617 0.0056571 0.0047402 0.0036416 -0.0047418 0.0006100 -0.0072290 -0.0051868 -0.0066300 -0.0051135 -0.0129865 -0.0153634 -0.0111278 -0.0124121 -0.0044400 -0.0038059 -0.0026210 -0.0015886 0.0034714 -0.0046708 0.0005495 -0.0090793 -0.0135667 0.0046282 0.0030981 0.0003563 0.0006066 -0.0090696 -0.0094321 -0.0128656 -0.0114195 -0.0111799 -0.0066270 -0.0082010 -0.0125923 -0.0127156 -0.0045853 -0.0076074 -0.0006707 0.0037799 0.0001924 0.0028580 0.0019372 -0.0014699 -0.0076473 -0.0159155 0.0004176 -0.0029628 -0.0029587 -0.0156233 -0.0087924 -0.0021384 -0.0110851 -0.0133313 -0.0108240 -0.0019426 -0.0069450 -0.0022460 -0.0077109 -0.0079399 -0.0095402 -0.0147715 -0.0033486 -0.0163894 -0.0137604 -0.0156934 -0.0074062 -0.0138164 -0.0162607 -0.0136525 -0.0093551 -0.0145170 -0.0060162 -0.0085890 -0.0057241 -0.0139030 -0.0127726 -0.0154746 -0.0150785 -0.0136992 -0.0088128 -0.0154110 -0.0154862 -0.0050706 -0.0013112 -0.0120254 -0.0144769
0.0317931 -0.0036814 -0.0471350 -0.0438377 -0.0035531 -0.0115231 -0.0014635 0.0013316 0.0135798 0.0160601 0.0055357 -0.0118547 -0.0036563 0.0135337 0.0064659 0.0032326 -0.0117491 -0.0264718 0.0154153 0.0033968 0.0250989 0.0003067 0.0156629 -0.0001667 1.1672379 0.0112996 0.0252154 0.0324501 0.0215521 0.0023652 0.0228602 0.0050694 0.0236701 0.0154961 0.0060112 0.0303366 0.0210633 0.0298199 0.0308356 0.0140351 0.0168645 -0.0050122 0.0248292 0.0229237 0.0240177 -0.0091183 0.0083579 -0.0205426 -0.0047155 -0.0086640 -0.0091440 -0.0300449 -0.0441216 -0.0260568 -0.0310199 -0.0039274 -0.0081319 0.0031987 0.0009654 0.0225651 -0.0100048 0.0080216 -0.0180674 -0.0350875 0.0263705 0.0213490 0.0073256 0.0200086 -0.0220795 -0.0212669 -0.0359154 -0.0341970 -0.0295096 -0.0150630 -0.0200302 -0.0326852 -0.0328001 -0.0041117 -0.0177998 0.0126854 0.0202808 0.0157542 0.0188220 0.0157142 0.0028801 -0.0203339 -0.0449863 0.0088318 -0.0016634 -0.0058842 -0.0426710 -0.0204862 -0.0016616 -0.0283827 -0.0392824 -0.0272335 0.0045061 -0.0124805 0.0007227 -0.0166098 -0.0171800 -0.0219857 -0.0369727 0.0003194 -0.0451182 -0.0372667 -0.0403272 -0.0134559 -0.0309543 -0.0442008 -0.0365602 -0.0263432 -0.0387324 -0.0162571 -0.0180291 -0.0108526 -0.0359507 -0.0346457 -0.0480679 -0.0440025 -0.0384912 -0.0145330 -0.0417248 -0.0459541 -0.0040388 -0.0003545 -0.0291895 -0.0382910
0.0342613 -0.0037900 -0.0489663 -0.0471415 -0.0031767 -0.0101889 -0.0010886 0.0021589 0.0154094 0.0161438 0.0051072 -0.0127344 -0.0041060 0.0141041 0.0052950 0.0040049 -0.0127487 -0.0257531 0.0151114 0.0045483 0.0278274 -0.0015577 0.0169857 0.0009203 0.0112996 1.1725185 0.0253605 0.0328819 0.0220318 0.0047581 0.0229379 0.0055431 0.0243761 0.0161775 0.0060261 0.0345286 0.0182398 0.0316197 0.0301879 0.0142403 0.0137804 -0.0053254 0.0229559 0.0245582 0.0271288 -0.0097734 0.0111143 -0.0203988 -0.0053550 -0.0103611 -0.0087333 -0.0313610 -0.0448958 -0.0291390 -0.0324835 -0.0044416 -0.0090299 0.0054068 0.0021838 0.0237477 -0.0111123 0.0086723 -0.0183800 -0.0364661 0.0256004 0.0242371 0.0091223 0.0190672 -0.0224907 -0.0216919 -0.0366308 -0.0344007 -0.0282091 -0.0146742 -0.0227393 -0.0340912 -0.0333951 -0.0055404 -0.0198724 0.0119551 0.0197819 0.0154371 0.0192075 0.0156958 0.0055897 -0.0200832 -0.0467328 0.0106254 0.0004131 -0.0073110 -0.0434950 -0.0204312 -0.0018894 -0.0294074 -0.0405815 -0.0284898 0.0064325 -0.0135604 0.0019882 -0.0161777 -0.0200396 -0.0227448 -0.0404625 0.0008654 -0.0454901 -0.0366362 -0.0404939 -0.0128149 -0.0307425 -0.0460257 -0.0387852 -0.0264984 -0.0407212 -0.0169390 -0.0197065 -0.0120325 -0.0383894 -0.0363095 -0.0494941 -0.0456052 -0.0383752 -0.0169280 -0.0418161 -0.0471390 -0.0031001 0.0019601 -0.0271798 -0.0392990
0.0694760 -0.0030957 -0.0972346 -0.0918208 -0.0028771 -0.0167964 -0.0019320 0.0063011 0.0324721 0.0325514 0.0141783 -0.0198590 -0.0053604 0.0308704 0.0165116 0.0136324 -0.0227432 -0.0509618 0.0344971 0.0149657 0.0586663 0.0039112 0.0365780 0.0043932 0.0252154 0.0253605 1.2670606 0.0727843 0.0482955 0.0128998 0.0509215 0.0173028 0.0550448 0.0389746 0.0192760 0.0723512 0.0432515 0.0690489 0.0679775 0.0346143 0.0375123 -0.0076966 0.0535166 0.0535557 0.0552448 -0.0142665 0.0187846 -0.0380720 -0.0064751 -0.0133632 -0.0127758 -0.0579406 -0.0860357 -0.0510591 -0.0583536 -0.0040992 -0.0146477 0.0126880 0.0101873 0.0517709 -0.0161242 0.0224777 -0.0390142 -0.0688801 0.0579284 0.0498669 0.0222406 0.0410590 -0.0419525 -0.0374459 -0.0723837 -0.0667937 -0.0540739 -0.0257367 -0.0382843 -0.0636310 -0.0624598 -0.0072172 -0.0346388 0.0264390 0.0454628 0.0347522 0.0438500 0.0397539 0.0139035 -0.0362199 -0.0875896 0.0247445 0.0045832 -0.0091947 -0.0850287 -0.0401190 0.0025038 -0.0553386 -0.0739910 -0.0530429 0.0128926 -0.0249845 0.0075785 -0.0308690 -0.0341841 -0.0435056 -0.0748600 0.0072786 -0.0901428 -0.0697064 -0.0785040 -0.0225574 -0.0583098 -0.0854718 -0.0728886 -0.0491087 -0.0744206 -0.0291003 -0.0354691 -0.0178901 -0.0690139 -0.0649174 -0.0962616 -0.0881116 -0.0748143 -0.0255998 -0.0774951 -0.0915699 -0.0033280 0.0059823 -0.0510317 -0.0718966
0.0874910 -0.0033995 -0.1199153 -0.1121369 -0.0033922 -0.0206332 -0.0023240 0.0100157 0.0426980 0.0414477 0.0213148 -0.0257037 -0.0051952 0.0394908 0.0236367 0.0171312 -0.0255160 -0.0598859 0.0434180 0.0170486 0.0677528 0.0045520 0.0453374 0.0092175 0.0324501 0.0328819 0.0727843 1.3314159 0.0612983 0.0153762 0.0643813 0.0211546 0.0661530 0.0469554 0.0233704 0.0893509 0.0527214 0.0866986 0.0838207 0.0403980 0.0443136 -0.0094391 0.0656086 0.0645627 0.0686777 -0.0175456 0.0277691 -0.0448229 -0.0074247 -0.0157053 -0.0123775 -0.0730841 -0.1055521 -0.0609155 -0.0710709 -0.0065493 -0.0158965 0.0150556 0.0113493 0.0632233 -0.0197252 0.0287988 -0.0450503 -0.0826165 0.0707929 0.0654693 0.0283702 0.0545805 -0.0503420 -0.0448807 -0.0878633 -0.0795355 -0.0629549 -0.0320193 -0.0467341 -0.0791885 -0.0761223 -0.0065332 -0.0403285 0.0342850 0.0582685 0.0439671 0.0535688 0.0476141 0.0166171 -0.0420968 -0.1084800 0.0292312 0.0081882 -0.0098730 -0.1033900 -0.0476471 0.0050039 -0.0675605 -0.0899570 -0.0642957 0.0196364 -0.0292709 0.0085750 -0.0350626 -0.0386719 -0.0532031 -0.0906795 0.0081264 -0.1100991 -0.0839837 -0.0944367 -0.0276726 -0.0700644 -0.1059451 -0.0869786 -0.0582210 -0.0906320 -0.0363423 -0.0414712 -0.0217551 -0.0832059 -0.0804944 -0.1156662 -0.1062392 -0.0923869 -0.0292761 -0.0973545 -0.1106235 -0.0039205 0.0083207 -0.0601746 -0.0859355
0.0601867 -0.0046325 -0.0808857 -0.0754536 -0.0007393 -0.0153360 -0.0034909 0.0066890 0.0283280 0.0275705 0.0119339 -0.0157910 -0.0036101 0.0273935 0.0126934 0.0103216 -0.0200611 -0.0416140 0.0294107 0.0104212 0.0474609 0.0037579 0.0313826 0.0035372 0.0215521 0.0220318 0.0482955 0.0612983 1.2105612 0.0120408 0.0422758 0.0137074 0.0448813 0.0309319 0.0150009 0.0602100 0.0364913 0.0564730 0.0586307 0.0264544 0.0286028 -0.0064786 0.0418874 0.0453513 0.0476880 -0.0128642 0.0176425 -0.0299480 -0.0060609 -0.0122374 -0.0100636 -0.0490247 -0.0729896 -0.0433853 -0.0492863 -0.0034070 -0.0130168 0.0106953 0.0075746 0.0448938 -0.0153169 0.0180662 -0.0316785 -0.0582267 0.0486918 0.0415656 0.0178688 0.0360556 -0.0341092 -0.0329479 -0.0612302 -0.0552569 -0.0444756 -0.0234807 -0.0327452 -0.0538305 -0.0522494 -0.0076197 -0.0275906 0.0242104 0.0392058 0.0292964 0.0380043 0.0328634 0.0103860 -0.0295955 -0.0736279 0.0195311 0.0053248 -0.0080573 -0.0717305 -0.0322422 0.0020682 -0.0458820 -0.0647035 -0.0462131 0.0129020 -0.0210653 0.0052696 -0.0264391 -0.0299099 -0.0363024 -0.0624945 0.0045486 -0.0745815 -0.0588539 -0.0656708 -0.0196876 -0.0494214 -0.0741348 -0.0623369 -0.0395929 -0.0660324 -0.0231809 -0.0306902 -0.0163462 -0.0590742 -0.0547159 -0.0795525 -0.0725052 -0.0640539 -0.0235433 -0.0665058 -0.0758973 -0.0039778 0.0051322 -0.0442132 -0.0582510
