1.3276305 -0.0031628 -0.1182145 -0.1089094 -0.0037113 -0.0185269 -0.0032147 0.0092043 0.0407195 0.0403781 0.0178579 -0.0246448 -0.0036586 0.0386751 0.0221623 0.0179290 -0.0268625 -0.0591103 0.0425816 0.0166185 0.0722589 0.0025228 0.0446915 0.0049508 0.0318197 0.0339859 0.0711155 0.0897469 0.0608790 0.0164581 0.0623676 0.0212292 0.0656875 0.0456133 0.0233397 0.0886138 0.0532126 0.0841499 0.0835169 0.0396450 0.0436128 -0.0084763 0.0633226 0.0659237 0.0691446 -0.0201456 0.0268782 -0.0430328 -0.0084595 -0.0171350 -0.0143516 -0.0709119 -0.1026228 -0.0602143 -0.0703489 -0.0058855 -0.0146411 0.0169187 0.0103103 0.0647124 -0.0184866 0.0264166 -0.0440082 -0.0807821 0.0742333 0.0622888 0.0286144 0.0557891 -0.0503331 -0.0459376 -0.0872617 -0.0780549 -0.0620150 -0.0312136 -0.0451066 -0.0773848 -0.0754102 -0.0082897 -0.0402353 0.0335915 0.0577028 0.0430478 0.0544102 0.0468265 0.0148106 -0.0406973 -0.1045853 0.0274528 0.0049386 -0.0114123 -0.0995994 -0.0467122 0.0016732 -0.0646584 -0.0889461 -0.0629098 0.0167642 -0.0290907 0.0074922 -0.0351546 -0.0391262 -0.0513277 -0.0883368 0.0061281 -0.1077358 -0.0847945 -0.0909456 -0.0278183 -0.0688900 -0.1039926 -0.0853566 -0.0574680 -0.0909624 -0.0346123 -0.0395324 -0.0228563 -0.0818362 -0.0788190 -0.1137486 -0.1064011 -0.0911679 -0.0313659 -0.0938418 -0.1086802 -0.0055887 0.0078510 -0.0584905 -0.0848816
-0.0031628 1.1124561 -0.0039272 -0.0048535 -0.0040376 -0.0037835 -0.0041471 -0.0021810 -0.0020013 -0.0031457 -0.0030785 -0.0043184 -0.0051468 -0.0039878 -0.0033187 -0.0052784 -0.0045009 -0.0060412 -0.0041777 -0.0040907 -0.0061239 -0.0039501 -0.0042307 -0.0041297 -0.0038849 -0.0040069 -0.0034829 -0.0038598 -0.0049724 -0.0047423 -0.0044623 -0.0037722 -0.0018382 -0.0032737 -0.0047379 -0.0049763 -0.0043204 -0.0046236 -0.0032123 -0.0024228 -0.0042453 -0.0056814 -0.0025595 -0.0034985 -0.0035828 -0.0037978 -0.0039475 -0.0063334 -0.0048625 -0.0035338 -0.0038838 -0.0053197 -0.0062317 -0.0033541 -0.0054609 -0.0035380 -0.0037319 -0.0038886 -0.0046071 -0.0027332 -0.0050568 -0.0024699 -0.0040927 -0.0054777 -0.0010516 -0.0017168 -0.0019962 -0.0022472 -0.0054602 -0.0036376 -0.0075309 -0.0042391 -0.0049607 -0.0051944 -0.0059797 -0.0060119 -0.0045820 -0.0053524 -0.0049722 -0.0043382 -0.0029640 -0.0026202 -0.0022648 -0.0053930 -0.0042848 -0.0049117 -0.0036644 -0.0038464 -0.0047813 -0.0049382 -0.0045714 -0.0064357 -0.0021777 -0.0051297 -0.0051067 -0.0056096 -0.0047748 -0.0054394 -0.0023610 -0.0041568 -0.0033917 -0.0043981 -0.0042494 -0.0040201 -0.0046572 -0.0044773 -0.0044859 -0.0025865 -0.0068531 -0.0048033 -0.0058305 -0.0028953 -0.0059485 -0.0054255 -0.0058764 -0.0047424 -0.0068400 -0.0054563 -0.0055110 -0.0058827 -0.0058504 -0.0029717 -0.0053409 -0.0061861 -0.0039417 -0.0030150 -0.0058127 -0.0050430
-0.1182145 -0.0039272 0.9268277 0.1227054 -0.0028594 0.0182117 -0.0041154 -0.0185205 -0.0573082 -0.0579846 -0.0278808 0.0224907 -0.0014574 -0.0542454 -0.0331891 -0.0263789 0.0235290 0.0646299 -0.0584701 -0.0273824 -0.0937823 -0.0129405 -0.0622280 -0.0134382 -0.0462358 -0.0476667 -0.0973084 -0.1203279 -0.0801124 -0.0248455 -0.0844913 -0.0322180 -0.0936568 -0.0631998 -0.0352027 -0.1191711 -0.0706667 -0.1113570 -0.1114950 -0.0548147 -0.0611592 0.0031467 -0.0841824 -0.0876013 -0.0926033 0.0147635 -0.0378584 0.0463348 0.0025090 0.0112477 0.0092057 0.0763540 0.1147449 0.0645237 0.0753371 -0.0001855 0.0126647 -0.0266601 -0.0198533 -0.0878732 0.0171354 -0.0399782 0.0460538 0.0885819 -0.0985965 -0.0861280 -0.0425715 -0.0737772 0.0519428 0.0467147 0.0953939 0.0856403 0.0675126 0.0308208 0.0474798 0.0835622 0.0798162 0.0019795 0.0394312 -0.0469770 -0.0771967 -0.0594218 -0.0729360 -0.0645289 -0.0252887 0.0432531 0.1164941 -0.0405420 -0.0153629 0.0063429 0.1126476 0.0480236 -0.0124992 0.0692721 0.0972022 0.0671784 -0.0283494 0.0275670 -0.0185762 0.0355656 0.0394237 0.0541549 0.0980130 -0.0159308 0.1211615 0.0918394 0.1028408 0.0264814 0.0750244 0.1177425 0.0952628 0.0602076 0.1002325 0.0351017 0.0426384 0.0193624 0.0902765 0.0863860 0.1307772 0.1181754 0.1004956 0.0274999 0.1063448 0.1239371 -0.0022657 -0.0177693 0.0628038 0.0941268
-0.1089094 -0.0048535 0.1227054 0.9338367 -0.0037690 0.0154991 -0.0057176 -0.0188408 -0.0543055 -0.0538918 -0.0263005 0.0202099 -0.0035740 -0.0515908 -0.0321801 -0.0269407 0.0203170 0.0596962 -0.0564994 -0.0265366 -0.0883086 -0.0140083 -0.0592340 -0.0145207 -0.0430225 -0.0459579 -0.0918735 -0.1124854 -0.0747417 -0.0241255 -0.0795523 -0.0316622 -0.0882930 -0.0599978 -0.0349863 -0.1110345 -0.0669647 -0.1034627 -0.1027981 -0.0518493 -0.0573611 0.0015267 -0.0791858 -0.0823068 -0.0865558 0.0119820 -0.0369406 0.0411272 0.0006556 0.0083742 0.0066003 0.0694154 0.1058910 0.0584930 0.0672963 -0.0032929 0.0104221 -0.0262089 -0.0206442 -0.0830511 0.0149130 -0.0389066 0.0419948 0.0811112 -0.0925555 -0.0812276 -0.0414509 -0.0693625 0.0465617 0.0408216 0.0889737 0.0775627 0.0601759 0.0265615 0.0430737 0.0769951 0.0723633 0.0008316 0.0339700 -0.0453171 -0.0716920 -0.0561842 -0.0683559 -0.0623605 -0.0252252 0.0383568 0.1083887 -0.0394516 -0.0157729 0.0047543 0.1044584 0.0431562 -0.0121481 0.0647433 0.0891794 0.0609689 -0.0284948 0.0245790 -0.0190039 0.0322839 0.0347937 0.0492318 0.0891201 -0.0160332 0.1136151 0.0838536 0.0946816 0.0233749 0.0662772 0.1083621 0.0873999 0.0547088 0.0916008 0.0303949 0.0387497 0.0168502 0.0824215 0.0785067 0.1207078 0.1102474 0.0927549 0.0231529 0.0973236 0.1142313 -0.0043938 -0.0172564 0.0547267 0.0858057
-0.0037113 -0.0040376 -0.0028594 -0.0037690 1.0779383 -0.0034055 -0.0018574 -0.0032902 -0.0032017 -0.0024512 -0.0024805 -0.0034309 -0.0044016 -0.0023917 -0.0038501 -0.0037434 -0.0051836 -0.0038954 -0.0014771 -0.0028721 -0.0034574 -0.0033629 -0.0023268 -0.0033218 -0.0037838 -0.0034226 -0.0033128 -0.0039211 -0.0011234 -0.0046136 -0.0033330 -0.0036457 -0.0029436 -0.0018237 -0.0026088 -0.0025690 -0.0023266 -0.0022219 -0.0029071 -0.0030572 -0.0025228 -0.0033223 -0.0032809 -0.0022949 -0.0030992 -0.0045718 -0.0015696 -0.0050643 -0.0029941 -0.0043276 -0.0033743 -0.0048534 -0.0051199 -0.0047968 -0.0042127 -0.0035083 -0.0036743 -0.0024479 -0.0027771 -0.0017535 -0.0038756 -0.0032010 -0.0043053 -0.0049572 -0.0027728 -0.0034876 -0.0054379 -0.0024192 -0.0039622 -0.0044006 -0.0049342 -0.0045966 -0.0046474 -0.0032970 -0.0053973 -0.0042875 -0.0053428 -0.0050227 -0.0050535 -0.0034855 -0.0025582 -0.0039334 -0.0021702 -0.0033861 -0.0030071 -0.0046726 -0.0039335 -0.0037383 -0.0039811 -0.0045507 -0.0045267 -0.0028748 -0.0023913 -0.0040601 -0.0045468 -0.0044922 -0.0039497 -0.0034115 -0.0031715 -0.0041682 -0.0039324 -0.0039588 -0.0053074 -0.0047318 -0.0045260 -0.0043260 -0.0053323 -0.0044837 -0.0060812 -0.0048172 -0.0057818 -0.0055094 -0.0055601 -0.0033105 -0.0033611 -0.0035207 -0.0045795 -0.0052430 -0.0051214 -0.0050503 -0.0055175 -0.0050892 -0.0059305 -0.0055985 -0.0044775 -0.0048291 -0.0049267 -0.0054651
-0.0185269 -0.0037835 0.0182117 0.0154991 -0.0034055 1.0472322 -0.0024291 -0.0048970 -0.0127663 -0.0109435 -0.0064274 0.0004229 -0.0029751 -0.0121190 -0.0087437 -0.0057805 0.0011013 0.0068329 -0.0114391 -0.0068057 -0.0185549 -0.0035928 -0.0118112 -0.0048610 -0.0115614 -0.0101797 -0.0171415 -0.0210962 -0.0155089 -0.0058705 -0.0161316 -0.0078950 -0.0173047 -0.0108448 -0.0093636 -0.0197216 -0.0151528 -0.0208471 -0.0196353 -0.0104801 -0.0121756 -0.0030581 -0.0154556 -0.0160109 -0.0181709 -0.0015127 -0.0085400 0.0032761 -0.0024006 -0.0029825 -0.0014765 0.0079089 0.0120913 0.0049115 0.0062598 -0.0029182 -0.0010941 -0.0083373 -0.0061290 -0.0167587 -0.0020185 -0.0083927 0.0049191 0.0088314 -0.0167753 -0.0170646 -0.0096565 -0.0135194 0.0043404 0.0027692 0.0120774 0.0094862 0.0056685 0.0016976 0.0029177 0.0085835 0.0078764 -0.0035225 0.0014024 -0.0088784 -0.0139699 -0.0119460 -0.0138574 -0.0128882 -0.0072895 0.0034538 0.0127822 -0.0094515 -0.0033533 -0.0018569 0.0132614 0.0045415 -0.0070862 0.0076148 0.0116320 0.0064971 -0.0077606 0.0006745 -0.0067869 0.0030904 0.0010415 0.0055816 0.0105175 -0.0058012 0.0137238 0.0083040 0.0105336 -0.0003665 0.0056431 0.0128980 0.0093792 0.0052038 0.0112037 0.0021709 0.0040785 -0.0010823 0.0090286 0.0094769 0.0150662 0.0137501 0.0116025 -0.0004254 0.0116677 0.0139207 -0.0039910 -0.0051908 0.0045829 0.0097771
-0.0032147 -0.0041471 -0.0041154 -0.0057176 -0.0018574 -0.0024291 1.0896159 -0.0017734 -0.0015189 -0.0033946 -0.0030877 -0.0047168 -0.0035610 -0.0029252 -0.0025421 -0.0032734 -0.0055320 -0.0045437 -0.0034539 -0.0036367 -0.0024837 -0.0036609 -0.0031789 -0.0025506 -0.0017458 -0.0013899 -0.0024614 -0.0029604 -0.0039583 -0.0028868 -0.0019031 -0.0033841 -0.0017652 -0.0020628 -0.0048557 -0.0014880 -0.0027463 -0.0018180 -0.0026795 -0.0012796 -0.0032374 -0.0036286 -0.0019329 -0.0018095 -0.0020802 -0.0036334 -0.0031933 -0.0058902 -0.0041591 -0.0057345 -0.0049089 -0.0063934 -0.0056096 -0.0067783 -0.0053414 -0.0034736 -0.0046295 -0.0041635 -0.0038965 -0.0039087 -0.0037242 -0.0031139 -0.0054928 -0.0064441 -0.0015991 -0.0018624 -0.0034638 -0.0040232 -0.0063658 -0.0021020 -0.0056087 -0.0060039 -0.0054340 -0.0028907 -0.0055903 -0.0057231 -0.0050376 -0.0031571 -0.0051737 -0.0015177 -0.0020461 -0.0028172 -0.0025652 -0.0033850 -0.0018271 -0.0054147 -0.0063783 -0.0023817 -0.0033639 -0.0045004 -0.0058676 -0.0024691 -0.0040813 -0.0054143 -0.0051167 -0.0049513 -0.0040448 -0.0044945 -0.0029746 -0.0043513 -0.0065386 -0.0049180 -0.0052984 -0.0043513 -0.0065642 -0.0077083 -0.0055470 -0.0049063 -0.0080328 -0.0068500 -0.0075297 -0.0063024 -0.0070286 -0.0051388 -0.0035719 -0.0036463 -0.0061652 -0.0056982 -0.0074249 -0.0061548 -0.0053282 -0.0048221 -0.0062598 -0.0062741 -0.0036195 -0.0045533 -0.0054082 -0.0064149
0.0092043 -0.0021810 -0.0185205 -0.0188408 -0.0032902 -0.0048970 -0.0017734 1.1166248 0.0029998 0.0035458 -0.0002966 -0.0062563 -0.0059247 0.0019504 0.0001506 -0.0013934 -0.0082476 -0.0108811 0.0042723 -0.0002849 0.0053401 -0.0030943 0.0024220 -0.0035428 0.0009834 0.0017496 0.0058346 0.0094925 0.0061868 0.0006921 0.0066440 -0.0002430 0.0053061 0.0031658 0.0002272 0.0103062 0.0051847 0.0103105 0.0101759 0.0028595 0.0043424 -0.0052354 0.0051919 0.0070480 0.0082305 -0.0050479 0.0015444 -0.0120753 -0.0041045 -0.0069840 -0.0068671 -0.0146404 -0.0189188 -0.0118185 -0.0144581 -0.0034599 -0.0062950 -0.0031360 -0.0013511 0.0069823 -0.0062912 0.0009851 -0.0099697 -0.0155435 0.0069861 0.0058780 -0.0007829 0.0039137 -0.0100026 -0.0081531 -0.0150767 -0.0153855 -0.0132274 -0.0069651 -0.0091200 -0.0142158 -0.0145897 -0.0035544 -0.0095540 0.0021299 0.0052552 0.0029017 0.0035645 0.0044504 0.0005550 -0.0115117 -0.0184490 0.0006138 -0.0017544 -0.0048631 -0.0180045 -0.0103851 -0.0021979 -0.0124152 -0.0158760 -0.0128289 0.0013241 -0.0072761 -0.0015844 -0.0079380 -0.0098255 -0.0091296 -0.0160085 -0.0025691 -0.0191298 -0.0167974 -0.0173342 -0.0072007 -0.0146344 -0.0199576 -0.0168450 -0.0128628 -0.0169864 -0.0093917 -0.0104128 -0.0054327 -0.0155026 -0.0146561 -0.0214521 -0.0173037 -0.0183311 -0.0097424 -0.0181321 -0.0195494 -0.0044242 -0.0028816 -0.0149117 -0.0146482
0.0407195 -0.0020013 -0.0573082 -0.0543055 -0.0032017 -0.0127663 -0.0015189 0.0029998 1.1791755 0.0188620 0.0083763 -0.0128832 -0.0057104 0.0164891 0.0083637 0.0062153 -0.0152746 -0.0325231 0.0178442 0.0057678 0.0345979 0.0011863 0.0182964 0.0006376 0.0131181 0.0147771 0.0323167 0.0426399 0.0278494 0.0053945 0.0278515 0.0078572 0.0311419 0.0200541 0.0072904 0.0406844 0.0238260 0.0403362 0.0371878 0.0173460 0.0208720 -0.0054339 0.0286842 0.0309460 0.0321626 -0.0097199 0.0106131 -0.0237895 -0.0061436 -0.0106892 -0.0081856 -0.0366975 -0.0521420 -0.0323012 -0.0359770 -0.0050192 -0.0112449 0.0043590 0.0035054 0.0317502 -0.0119608 0.0103596 -0.0235684 -0.0411982 0.0349968 0.0275754 0.0134582 0.0256897 -0.0251875 -0.0218674 -0.0442299 -0.0410560 -0.0330124 -0.0175184 -0.0249131 -0.0397684 -0.0375438 -0.0072718 -0.0200233 0.0153654 0.0281547 0.0191911 0.0249291 0.0215337 0.0055347 -0.0219864 -0.0528105 0.0119565 0.0023652 -0.0075725 -0.0510462 -0.0246634 0.0005877 -0.0340898 -0.0454833 -0.0320978 0.0068461 -0.0153388 0.0016781 -0.0182682 -0.0202426 -0.0275251 -0.0447909 0.0023802 -0.0532414 -0.0434640 -0.0469883 -0.0153676 -0.0343927 -0.0530603 -0.0449674 -0.0292402 -0.0473642 -0.0194110 -0.0218547 -0.0120111 -0.0413880 -0.0410560 -0.0579233 -0.0535357 -0.0458053 -0.0153152 -0.0487656 -0.0553812 -0.0044851 0.0042227 -0.0328598 -0.0427309
0.0403781 -0.0031457 -0.0579846 -0.0538918 -0.0024512 -0.0109435 -0.0033946 0.0035458 0.0188620 1.1805642 0.0084523 -0.0137498 -0.0056458 0.0153450 0.0074173 0.0059215 -0.0139030 -0.0296696 0.0187442 0.0053436 0.0323586 0.0018291 0.0201494 0.0010842 0.0155718 0.0154828 0.0323395 0.0413270 0.0270429 0.0068324 0.0301659 0.0072952 0.0313961 0.0214215 0.0087430 0.0416695 0.0226865 0.0389124 0.0395614 0.0178664 0.0210600 -0.0053915 0.0282787 0.0301312 0.0332128 -0.0106959 0.0112792 -0.0247225 -0.0063041 -0.0108402 -0.0092312 -0.0370431 -0.0524867 -0.0323722 -0.0362235 -0.0051521 -0.0112462 0.0057803 0.0042347 0.0284326 -0.0120670 0.0123921 -0.0222624 -0.0403107 0.0335775 0.0296276 0.0126950 0.0240777 -0.0249296 -0.0236244 -0.0454123 -0.0398488 -0.0330997 -0.0164169 -0.0250672 -0.0391519 -0.0395914 -0.0063266 -0.0212561 0.0150411 0.0262073 0.0205120 0.0246155 0.0209919 0.0067000 -0.0222629 -0.0536284 0.0120540 0.0012280 -0.0082176 -0.0523846 -0.0240260 -0.0005098 -0.0329556 -0.0453005 -0.0331346 0.0086357 -0.0169471 0.0035202 -0.0183275 -0.0232951 -0.0286837 -0.0455093 0.0008349 -0.0543770 -0.0424196 -0.0469466 -0.0152752 -0.0369690 -0.0534504 -0.0459914 -0.0307873 -0.0459406 -0.0203681 -0.0216301 -0.0131864 -0.0410492 -0.0398920 -0.0580089 -0.0536033 -0.0464022 -0.0170737 -0.0498859 -0.0556878 -0.0041540 0.0028746 -0.0314886 -0.0452383
0.0178579 -0.0030785 -0.0278808 -0.0263005 -0.0024805 -0.0064274 -0.0030877 -0.0002966 0.0083763 0.0084523 1.1065452 -0.0074195 -0.0041834 0.0057880 0.0023505 0.0016113 -0.0079911 -0.0167580 0.0074403 0.0009068 0.0138502 -0.0028135 0.0085562 -0.0005795 0.0052167 0.0047014 0.0139160 0.0210613 0.0115393 0.0030526 0.0125516 0.0021041 0.0143847 0.0099817 0.0028448 0.0180126 0.0102036 0.0178513 0.0171103 0.0063662 0.0080632 -0.0054914 0.0125824 0.0141317 0.0146852 -0.0058671 0.0043730 -0.0126079 -0.0047520 -0.0070431 -0.0063121 -0.0196727 -0.0268827 -0.0162612 -0.0185804 -0.0038289 -0.0066695 0.0007533 0.0002642 0.0136416 -0.0076293 0.0028760 -0.0132541 -0.0209336 0.0140976 0.0127017 0.0034430 0.0104761 -0.0141759 -0.0123940 -0.0221355 -0.0206204 -0.0176005 -0.0090298 -0.0135619 -0.0204345 -0.0202637 -0.0042061 -0.0121873 0.0058727 0.0090537 0.0084679 0.0097683 0.0087738 -0.0005528 -0.0130224 -0.0273065 0.0035520 -0.0003884 -0.0055238 -0.0260970 -0.0129714 -0.0017415 -0.0175170 -0.0233012 -0.0179390 0.0039805 -0.0085247 0.0006107 -0.0109835 -0.0117482 -0.0136946 -0.0229692 -0.0000704 -0.0279975 -0.0237054 -0.0236568 -0.0083055 -0.0188947 -0.0277478 -0.0233666 -0.0159707 -0.0230273 -0.0109042 -0.0130958 -0.0072798 -0.0228972 -0.0219805 -0.0283939 -0.0274881 -0.0230885 -0.0095754 -0.0256833 -0.0289211 -0.0035886 0.0000776 -0.0170667 -0.0230171
-0.0246448 -0.0043184 0.0224907 0.0202099 -0.0034309 0.0004229 -0.0047168 -0.0062563 -0.0128832 -0.0137498 -0.0074195 1.0536834 -0.0033399 -0.0126368 -0.0095958 -0.0078357 -0.0002058 0.0089499 -0.0133450 -0.0085607 -0.0197409 -0.0059410 -0.0130186 -0.0063732 -0.0119237 -0.0127451 -0.0203295 -0.0263295 -0.0160426 -0.0077674 -0.0182567 -0.0078620 -0.0205949 -0.0166656 -0.0088567 -0.0258652 -0.0164881 -0.0204848 -0.0239568 -0.0127277 -0.0149373 -0.0029207 -0.0182194 -0.0187714 -0.0190294 0.0008350 -0.0105752 0.0061518 -0.0032426 -0.0028210 -0.0033221 0.0095631 0.0172564 0.0087815 0.0085700 -0.0035507 -0.0001392 -0.0082472 -0.0073324 -0.0189222 -0.0006311 -0.0102781 0.0040218 0.0094480 -0.0206175 -0.0194168 -0.0115521 -0.0146627 0.0055589 0.0050157 0.0138288 0.0112927 0.0081345 0.0021910 0.0045033 0.0116810 0.0103609 -0.0029520 0.0032894 -0.0120386 -0.0169177 -0.0142279 -0.0183290 -0.0150230 -0.0074831 0.0044888 0.0181432 -0.0094291 -0.0046027 -0.0022164 0.0170791 0.0054271 -0.0057331 0.0095698 0.0146935 0.0089551 -0.0070909 0.0019713 -0.0077421 0.0034312 0.0030554 0.0065346 0.0133719 -0.0071381 0.0183367 0.0112519 0.0146959 0.0008777 0.0076996 0.0177152 0.0120361 0.0069949 0.0147514 0.0031829 0.0029763 -0.0000816 0.0126571 0.0126259 0.0180255 0.0183270 0.0140490 -0.0001559 0.0143682 0.0191634 -0.0039594 -0.0065025 0.0061382 0.0146434
-0.0036586 -0.0051468 -0.0014574 -0.0035740 -0.0044016 -0.0029751 -0.0035610 -0.0059247 -0.0057104 -0.0056458 -0.0041834 -0.0033399 1.1049634 -0.0042772 -0.0042484 -0.0042218 -0.0051423 -0.0031671 -0.0036216 -0.0036539 -0.0040630 -0.0052871 -0.0044651 -0.0049502 -0.0038798 -0.0043434 -0.0058091 -0.0057369 -0.0039940 -0.0054481 -0.0041628 -0.0045860 -0.0072685 -0.0056006 -0.0027838 -0.0065437 -0.0043962 -0.0054235 -0.0036674 -0.0045101 -0.0037410 -0.0041725 -0.0051253 -0.0031691 -0.0040052 -0.0032963 -0.0047125 -0.0042075 -0.0044270 -0.0051982 -0.0019978 -0.0039114 -0.0044994 -0.0053120 -0.0044369 -0.0053280 -0.0037492 -0.0049527 -0.0044532 -0.0033857 -0.0057746 -0.0051178 -0.0044113 -0.0045828 -0.0053295 -0.0036052 -0.0046163 -0.0041170 -0.0040381 -0.0053106 -0.0033122 -0.0026446 -0.0055026 -0.0030348 -0.0044632 -0.0041694 -0.0034485 -0.0037460 -0.0036027 -0.0039638 -0.0054319 -0.0050774 -0.0032648 -0.0039779 -0.0046402 -0.0044459 -0.0039174 -0.0028549 -0.0029790 -0.0038010 -0.0044574 -0.0049695 -0.0037891 -0.0037859 -0.0045829 -0.0048162 -0.0047743 -0.0029249 -0.0044417 -0.0044175 -0.0041942 -0.0047180 -0.0041802 -0.0051561 -0.0052324 -0.0046510 -0.0038584 -0.0048906 -0.0054514 -0.0045541 -0.0039610 -0.0041258 -0.0044114 -0.0047788 -0.0040058 -0.0055127 -0.0035788 -0.0043824 -0.0048056 -0.0048981 -0.0033980 -0.0038001 -0.0042699 -0.0039607 -0.0038662 -0.0042081 -0.0047999 -0.0050287
0.0386751 -0.0039878 -0.0542454 -0.0515908 -0.0023917 -0.0121190 -0.0029252 0.0019504 0.0164891 0.0153450 0.0057880 -0.0126368 -0.0042772 1.1724477 0.0079233 0.0055649 -0.0131134 -0.0293593 0.0165090 0.0049336 0.0294050 0.0002265 0.0170389 0.0022940 0.0130727 0.0134834 0.0306647 0.0393654 0.0268935 0.0054772 0.0269635 0.0081278 0.0281552 0.0204071 0.0082608 0.0388189 0.0223207 0.0358730 0.0350314 0.0160718 0.0177263 -0.0045026 0.0275703 0.0257396 0.0307269 -0.0081375 0.0106734 -0.0214035 -0.0062199 -0.0077570 -0.0088478 -0.0329732 -0.0492337 -0.0305373 -0.0335979 -0.0054444 -0.0096972 0.0030265 0.0029485 0.0294182 -0.0112266 0.0104455 -0.0215444 -0.0388103 0.0328029 0.0274878 0.0084468 0.0213723 -0.0252993 -0.0217202 -0.0436102 -0.0383846 -0.0311606 -0.0140859 -0.0242822 -0.0360377 -0.0361650 -0.0059482 -0.0209766 0.0138071 0.0234298 0.0159293 0.0233307 0.0207944 0.0048597 -0.0201709 -0.0491987 0.0097018 0.0005898 -0.0073733 -0.0486001 -0.0233357 0.0002956 -0.0316648 -0.0424769 -0.0298856 0.0060859 -0.0138717 0.0035899 -0.0188715 -0.0184932 -0.0259234 -0.0427760 0.0015551 -0.0509470 -0.0419469 -0.0443223 -0.0143499 -0.0340247 -0.0490781 -0.0416126 -0.0280163 -0.0454710 -0.0176263 -0.0211474 -0.0116290 -0.0393157 -0.0393823 -0.0534758 -0.0505963 -0.0419289 -0.0166699 -0.0450692 -0.0531600 -0.0042594 0.0004366 -0.0306345 -0.0418130
0.0221623 -0.0033187 -0.0331891 -0.0321801 -0.0038501 -0.0087437 -0.0025421 0.0001506 0.0083637 0.0074173 0.0023505 -0.0095958 -0.0042484 0.0079233 1.1406844 0.0023968 -0.0102988 -0.0208490 0.0095346 0.0022954 0.0165947 0.0006301 0.0094922 -0.0019196 0.0062232 0.0049546 0.0164694 0.0236615 0.0124598 0.0026917 0.0154643 0.0018361 0.0163259 0.0099946 0.0037893 0.0210769 0.0141508 0.0228961 0.0204201 0.0070729 0.0093154 -0.0052095 0.0142631 0.0147383 0.0158276 -0.0071829 0.0048465 -0.0147013 -0.0045316 -0.0065201 -0.0079419 -0.0214593 -0.0306667 -0.0183818 -0.0225324 -0.0035921 -0.0061046 -0.0006584 0.0004551 0.0151148 -0.0076399 0.0054327 -0.0163153 -0.0269522 0.0185379 0.0159881 0.0051281 0.0105497 -0.0174047 -0.0150008 -0.0261023 -0.0242514 -0.0198845 -0.0117675 -0.0146501 -0.0236074 -0.0230814 -0.0043639 -0.0144637 0.0062163 0.0116466 0.0097946 0.0128757 0.0096030 0.0023354 -0.0139842 -0.0320509 0.0059148 -0.0008380 -0.0072018 -0.0299863 -0.0144425 -0.0031005 -0.0206894 -0.0272130 -0.0207419 0.0013958 -0.0094905 -0.0014805 -0.0126778 -0.0145759 -0.0170878 -0.0276543 -0.0014122 -0.0330031 -0.0261195 -0.0282780 -0.0099428 -0.0235614 -0.0335584 -0.0279344 -0.0188543 -0.0284789 -0.0140265 -0.0144320 -0.0096802 -0.0248351 -0.0246891 -0.0339376 -0.0315608 -0.0276673 -0.0123539 -0.0310293 -0.0343513 -0.0051878 -0.0001391 -0.0199418 -0.0281883
0.0179290 -0.0052784 -0.0263789 -0.0269407 -0.0037434 -0.0057805 -0.0032734 -0.0013934 0.0062153 0.0059215 0.0016113 -0.0078357 -0.0042218 0.0055649 0.0023968 1.1253750 -0.0081619 -0.0163653 0.0071507 -0.0003399 0.0111670 -0.0028276 0.0070855 0.0002488 0.0029947 0.0036870 0.0135098 0.0170444 0.0100589 0.0021971 0.0098543 0.0032328 0.0109035 0.0054847 0.0020957 0.0181957 0.0072050 0.0150283 0.0159696 0.0071000 0.0054217 -0.0048842 0.0096551 0.0120043 0.0115200 -0.0065106 0.0026289 -0.0142179 -0.0039666 -0.0070150 -0.0050521 -0.0185837 -0.0257553 -0.0166428 -0.0194062 -0.0033980 -0.0065884 -0.0009191 -0.0023375 0.0128144 -0.0067353 0.0034916 -0.0131914 -0.0215954 0.0115186 0.0097530 0.0024056 0.0091757 -0.0133623 -0.0129979 -0.0221415 -0.0208234 -0.0166212 -0.0079555 -0.0143994 -0.0194205 -0.0193420 -0.0045364 -0.0117570 0.0045569 0.0094596 0.0060253 0.0056202 0.0080973 0.0002934 -0.0131158 -0.0264739 0.0025135 0.0004140 -0.0064072 -0.0239234 -0.0127323 -0.0026356 -0.0177658 -0.0227285 -0.0183442 0.0026941 -0.0087563 -0.0025372 -0.0099937 -0.0107309 -0.0128798 -0.0226472 -0.0019872 -0.0272269 -0.0216208 -0.0223190 -0.0102783 -0.0193250 -0.0271741 -0.0220693 -0.0149462 -0.0237024 -0.0123802 -0.0101131 -0.0072553 -0.0207439 -0.0213456 -0.0287783 -0.0248738 -0.0245726 -0.0107007 -0.0247509 -0.0263971 -0.0043554 -0.0018884 -0.0190341 -0.0214600
-0.0268625 -0.0045009 0.0235290 0.0203170 -0.0051836 0.0011013 -0.0055320 -0.0082476 -0.0152746 -0.0139030 -0.0079911 -0.0002058 -0.0051423 -0.0131134 -0.0102988 -0.0081619 1.0918934 0.0083877 -0.0147002 -0.0084449 -0.0204437 -0.0052975 -0.0138920 -0.0049181 -0.0118904 -0.0128335 -0.0233696 -0.0263303 -0.0204414 -0.0090565 -0.0185389 -0.0092308 -0.0197703 -0.0151674 -0.0098933 -0.0251990 -0.0163987 -0.0252311 -0.0245545 -0.0136890 -0.0170027 -0.0038754 -0.0204581 -0.0210623 -0.0221409 -0.0007642 -0.0098090 0.0042017 -0.0042060 -0.0020621 -0.0019678 0.0101941 0.0173964 0.0082287 0.0094433 -0.0031200 -0.0030431 -0.0084348 -0.0063883 -0.0201661 -0.0007274 -0.0108613 0.0035908 0.0115746 -0.0239064 -0.0209998 -0.0127512 -0.0205929 0.0037093 0.0051126 0.0136607 0.0124735 0.0082810 0.0010175 0.0048092 0.0110296 0.0098850 -0.0047778 0.0028469 -0.0124643 -0.0172931 -0.0167057 -0.0174324 -0.0148758 -0.0088004 0.0022605 0.0179558 -0.0117129 -0.0064270 -0.0027813 0.0155621 0.0043679 -0.0061730 0.0082757 0.0133315 0.0087595 -0.0091441 0.0005608 -0.0078870 0.0028680 0.0016484 0.0059247 0.0129614 -0.0082063 0.0176618 0.0125924 0.0144872 0.0024973 0.0072138 0.0161117 0.0126121 0.0084577 0.0147997 0.0025458 0.0026597 -0.0013484 0.0121421 0.0106101 0.0191430 0.0193985 0.0138958 -0.0010645 0.0142927 0.0181378 -0.0041464 -0.0075491 0.0058156 0.0127358
-0.0591103 -0.0060412 0.0646299 0.0596962 -0.0038954 0.0068329 -0.0045437 -0.0108811 -0.0325231 -0.0296696 -0.0167580 0.0089499 -0.0031671 -0.0293593 -0.0208490 -0.0163653 0.0083877 1.0215936 -0.0304783 -0.0148504 -0.0475039 -0.0087091 -0.0329885 -0.0083603 -0.0262065 -0.0252991 -0.0513342 -0.0604950 -0.0415131 -0.0151550 -0.0440444 -0.0192727 -0.0488861 -0.0336580 -0.0203726 -0.0612411 -0.0370431 -0.0571706 -0.0557350 -0.0299846 -0.0327743 -0.0006969 -0.0440174 -0.0462777 -0.0471108 0.0049026 -0.0211659 0.0192923 -0.0011623 0.0026494 0.0008396 0.0354386 0.0543238 0.0282317 0.0341839 -0.0010672 0.0028223 -0.0159875 -0.0119874 -0.0452290 0.0049916 -0.0219634 0.0209498 0.0385730 -0.0518793 -0.0465493 -0.0250496 -0.0395210 0.0226689 0.0195043 0.0457868 0.0378436 0.0286505 0.0123358 0.0187705 0.0387477 0.0347663 -0.0026793 0.0146807 -0.0242282 -0.0397570 -0.0327449 -0.0384088 -0.0337049 -0.0158969 0.0167506 0.0553356 -0.0226112 -0.0098045 0.0015069 0.0523370 0.0196965 -0.0094786 0.0321816 0.0455787 0.0282706 -0.0163944 0.0110649 -0.0124038 0.0152811 0.0153838 0.0259762 0.0432085 -0.0105999 0.0572115 0.0406018 0.0472342 0.0108867 0.0301523 0.0535878 0.0426516 0.0252108 0.0457899 0.0132368 0.0175711 0.0066013 0.0415880 0.0391473 0.0609378 0.0563733 0.0451297 0.0089690 0.0474069 0.0591486 -0.0038767 -0.0122779 0.0255957 0.0421222
0.0425816 -0.0041777 -0.0584701 -0.0564994 -0.0014771 -0.0114391 -0.0034539 0.0042723 0.0178442 0.0187442 0.0074403 -0.0133450 -0.0036216 0.0165090 0.0095346 0.0071507 -0.0147002 -0.0304783 1.1790195 0.0071910 0.0329816 0.0007761 0.0204533 0.0020051 0.0150071 0.0145318 0.0344713 0.0435235 0.0290350 0.0065605 0.0318507 0.0087210 0.0327577 0.0208042 0.0087313 0.0438681 0.0242441 0.0411289 0.0405951 0.0195754 0.0181758 -0.0037132 0.0311484 0.0288954 0.0332860 -0.0103167 0.0114761 -0.0244142 -0.0053599 -0.0106512 -0.0086617 -0.0369035 -0.0520935 -0.0328584 -0.0353160 -0.0048714 -0.0099702 0.0072358 0.0037688 0.0309766 -0.0111043 0.0107872 -0.0235001 -0.0423458 0.0346079 0.0299524 0.0112298 0.0238120 -0.0261966 -0.0244472 -0.0437453 -0.0421790 -0.0349669 -0.0161451 -0.0237877 -0.0407186 -0.0404419 -0.0058219 -0.0215831 0.0150868 0.0274863 0.0193116 0.0254642 0.0221106 0.0065414 -0.0242630 -0.0551286 0.0125794 0.0021387 -0.0063959 -0.0537086 -0.0248745 0.0000905 -0.0325448 -0.0473694 -0.0337864 0.0084268 -0.0159009 0.0023159 -0.0198777 -0.0217490 -0.0278070 -0.0468709 -0.0000697 -0.0548625 -0.0427504 -0.0478721 -0.0160288 -0.0377213 -0.0548331 -0.0466349 -0.0284191 -0.0469006 -0.0177995 -0.0226519 -0.0135563 -0.0430503 -0.0440006 -0.0595643 -0.0527892 -0.0481077 -0.0164938 -0.0487211 -0.0550554 -0.0046776 0.0016757 -0.0333365 -0.0439504
0.0166185 -0.0040907 -0.0273824 -0.0265366 -0.0028721 -0.0068057 -0.0036367 -0.0002849 0.0057678 0.0053436 0.0009068 -0.0085607 -0.0036539 0.0049336 0.0022954 -0.0003399 -0.0084449 -0.0148504 0.0071910 1.1279868 0.0133471 -0.0020359 0.0073784 -0.0026744 0.0030152 0.0040821 0.0145532 0.0166049 0.0099085 0.0011882 0.0094444 0.0018666 0.0120202 0.0081370 0.0005924 0.0153294 0.0097567 0.0177669 0.0154356 0.0062965 0.0065389 -0.0048571 0.0098493 0.0135425 0.0122333 -0.0077292 0.0034184 -0.0132343 -0.0041717 -0.0060523 -0.0056918 -0.0180491 -0.0261224 -0.0159479 -0.0191406 -0.0039761 -0.0071688 0.0007981 -0.0007312 0.0127726 -0.0088575 0.0043523 -0.0125444 -0.0214123 0.0105847 0.0090612 0.0034061 0.0085650 -0.0157863 -0.0124334 -0.0219127 -0.0207971 -0.0174657 -0.0097992 -0.0142564 -0.0185336 -0.0191408 -0.0062013 -0.0137159 0.0036232 0.0102721 0.0073881 0.0072340 0.0063582 0.0000870 -0.0122300 -0.0267242 0.0037031 -0.0015378 -0.0063710 -0.0249322 -0.0135934 -0.0041940 -0.0173108 -0.0233920 -0.0163583 0.0029817 -0.0093157 -0.0015510 -0.0115739 -0.0115283 -0.0156027 -0.0212317 -0.0019414 -0.0273620 -0.0228200 -0.0239106 -0.0088545 -0.0210630 -0.0269069 -0.0239438 -0.0152118 -0.0238149 -0.0099857 -0.0124369 -0.0081335 -0.0220152 -0.0216311 -0.0281810 -0.0256820 -0.0240151 -0.0098686 -0.0251594 -0.0276730 -0.0045354 -0.0012404 -0.0189879 -0.0227940
0.0722589 -0.0061239 -0.0937823 -0.0883086 -0.0034574 -0.0185549 -0.0024837 0.0053401 0.0345979 0.0323586 0.0138502 -0.0197409 -0.0040630 0.0294050 0.0165947 0.0111670 -0.0204437 -0.0475039 0.0329816 0.0133471 1.2529076 0.0048233 0.0360248 0.0029247 0.0249284 0.0274050 0.0596095 0.0691135 0.0476860 0.0115901 0.0517661 0.0152306 0.0540475 0.0361225 0.0166451 0.0705952 0.0433315 0.0703598 0.0686474 0.0327460 0.0357562 -0.0080116 0.0497688 0.0525111 0.0535490 -0.0136708 0.0198153 -0.0355835 -0.0055609 -0.0137579 -0.0121402 -0.0569165 -0.0821728 -0.0500477 -0.0575763 -0.0039065 -0.0155974 0.0101961 0.0075195 0.0515056 -0.0171431 0.0220487 -0.0348170 -0.0656200 0.0600481 0.0502339 0.0222832 0.0421602 -0.0413787 -0.0369723 -0.0688244 -0.0632252 -0.0513739 -0.0262690 -0.0371230 -0.0623433 -0.0611869 -0.0067768 -0.0327360 0.0265767 0.0457227 0.0331659 0.0410287 0.0361488 0.0113717 -0.0356164 -0.0849808 0.0229745 0.0069269 -0.0095956 -0.0818712 -0.0368254 0.0016674 -0.0517957 -0.0730290 -0.0505632 0.0143609 -0.0220480 0.0082011 -0.0298387 -0.0325455 -0.0414380 -0.0732161 0.0051079 -0.0866591 -0.0678752 -0.0752536 -0.0236628 -0.0563271 -0.0832858 -0.0712326 -0.0448328 -0.0753668 -0.0276792 -0.0339846 -0.0184978 -0.0649324 -0.0652832 -0.0942717 -0.0838079 -0.0745820 -0.0248068 -0.0758018 -0.0880574 -0.0044414 0.0048615 -0.0481889 -0.0701650
0.0025228 -0.0039501 -0.0129405 -0.0140083 -0.0033629 -0.0035928 -0.0036609 -0.0030943 0.0011863 0.0018291 -0.0028135 -0.0059410 -0.0052871 0.0002265 0.0006301 -0.0028276 -0.0052975 -0.0087091 0.0007761 -0.0020359 0.0048233 1.1087373 0.0017933 -0.0037062 -0.0000109 -0.0019191 0.0034306 0.0040009 0.0032779 -0.0012502 0.0030988 -0.0009805 0.0026878 0.0010018 -0.0014149 0.0063026 0.0013556 0.0053632 0.0049705 -0.0006850 0.0017893 -0.0046520 0.0018572 0.0018935 0.0025456 -0.0057195 -0.0016377 -0.0093716 -0.0045636 -0.0050017 -0.0070911 -0.0112099 -0.0136805 -0.0106844 -0.0107791 -0.0041032 -0.0048929 -0.0019095 -0.0024258 0.0036383 -0.0054291 0.0008564 -0.0078058 -0.0132641 0.0008091 0.0020806 -0.0013844 0.0012710 -0.0098043 -0.0085416 -0.0111411 -0.0124333 -0.0091737 -0.0056373 -0.0085971 -0.0106504 -0.0121784 -0.0047534 -0.0063454 -0.0006200 0.0029407 0.0007972 0.0018374 0.0011061 -0.0013861 -0.0084931 -0.0144013 0.0000461 -0.0026107 -0.0035667 -0.0140438 -0.0078909 -0.0045121 -0.0111628 -0.0126538 -0.0094551 0.0001782 -0.0048865 -0.0042387 -0.0067057 -0.0069007 -0.0079159 -0.0123509 -0.0003492 -0.0135114 -0.0124613 -0.0125759 -0.0060546 -0.0124516 -0.0144527 -0.0129725 -0.0106536 -0.0133426 -0.0073787 -0.0068529 -0.0056901 -0.0124029 -0.0118996 -0.0143639 -0.0123639 -0.0128774 -0.0075411 -0.0132683 -0.0136216 -0.0045057 -0.0038000 -0.0106887 -0.0132332
0.0446915 -0.0042307 -0.0622280 -0.0592340 -0.0023268 -0.0118112 -0.0031789 0.0024220 0.0182964 0.0201494 0.0085562 -0.0130186 -0.0044651 0.0170389 0.0094922 0.0070855 -0.0138920 -0.0329885 0.0204533 0.0073784 0.0360248 0.0017933 1.1885668 0.0016851 0.0152795 0.0164229 0.0366446 0.0455634 0.0310627 0.0064935 0.0322937 0.0102413 0.0357524 0.0232897 0.0091688 0.0462724 0.0262566 0.0432086 0.0425291 0.0190893 0.0211279 -0.0053871 0.0325210 0.0339117 0.0335412 -0.0117734 0.0142596 -0.0263804 -0.0055972 -0.0093813 -0.0079705 -0.0403261 -0.0563806 -0.0346773 -0.0394291 -0.0050054 -0.0086984 0.0073248 0.0030176 0.0343664 -0.0116630 0.0112735 -0.0255364 -0.0441894 0.0371570 0.0318992 0.0117107 0.0282364 -0.0267195 -0.0264995 -0.0479504 -0.0443481 -0.0363620 -0.0180216 -0.0249958 -0.0421017 -0.0401430 -0.0071562 -0.0236853 0.0156698 0.0288633 0.0215350 0.0261263 0.0246226 0.0070863 -0.0235931 -0.0583573 0.0134250 0.0036497 -0.0066083 -0.0560429 -0.0259423 0.0003665 -0.0362397 -0.0493785 -0.0362468 0.0075670 -0.0178673 0.0040822 -0.0195498 -0.0234405 -0.0286940 -0.0478266 0.0032402 -0.0589636 -0.0448959 -0.0511937 -0.0169540 -0.0385589 -0.0570610 -0.0489220 -0.0330896 -0.0491916 -0.0203731 -0.0228752 -0.0138632 -0.0440038 -0.0443911 -0.0627058 -0.0569739 -0.0505678 -0.0197435 -0.0530285 -0.0595734 -0.0054398 0.0019316 -0.0348917 -0.0472784
0.0049508 -0.0041297 -0.0134382 -0.0145207 -0.0033218 -0.0048610 -0.0025506 -0.0035428 0.0006376 0.0010842 -0.0005795 -0.0063732 -0.0049502 0.0022940 -0.0019196 0.0002488 -0.0049181 -0.0083603 0.0020051 -0.0026744 0.0029247 -0.0037062 0.0016851 1.1073627 -0.0005247 0.0005112 0.0038456 0.0085788 0.0029917 -0.0008722 0.0027580 -0.0014882 0.0019716 0.0014581 -0.0013037 0.0072436 0.0024284 0.0066897 0.0045780 -0.0006755 0.0005108 -0.0022197 0.0050876 0.0041975 0.0030646 -0.0046908 0.0002658 -0.0069352 -0.0052222 -0.0065769 -0.0050878 -0.0123898 -0.0144534 -0.0106218 -0.0118105 -0.0044900 -0.0037411 -0.0028528 -0.0017915 0.0028777 -0.0045907 0.0001895 -0.0087569 -0.0129075 0.0040844 0.0025834 0.0000304 0.0000929 -0.0086908 -0.0091159 -0.0121048 -0.0107445 -0.0106424 -0.0064499 -0.0078296 -0.0119443 -0.0120360 -0.0045732 -0.0073190 -0.0010470 0.0032457 -0.0002696 0.0023363 0.0014714 -0.0016991 -0.0072844 -0.0149804 0.0000644 -0.0031122 -0.0029751 -0.0147255 -0.0084752 -0.0022525 -0.0105456 -0.0125062 -0.0102600 -0.0022459 -0.0067663 -0.0024374 -0.0074685 -0.0076182 -0.0091510 -0.0139787 -0.0035264 -0.0154706 -0.0130756 -0.0148887 -0.0072245 -0.0132260 -0.0153596 -0.0128642 -0.0088952 -0.0137256 -0.0058122 -0.0082807 -0.0056242 -0.0131789 -0.0120954 -0.0145226 -0.0141633 -0.0129054 -0.0085783 -0.0145808 -0.0145509 -0.0051345 -0.0014411 -0.0115435 -0.0137300
0.0318197 -0.0038849 -0.0462358 -0.0430225 -0.0037838 -0.0115614 -0.0017458 0.0009834 0.0131181 0.0155718 0.0052167 -0.0119237 -0.0038798 0.0130727 0.0062232 0.0029947 -0.0118904 -0.0262065 0.0150071 0.0030152 0.0249284 -0.0000109 0.0152795 -0.0005247 1.1670103 0.0108175 0.0251338 0.0324565 0.0212055 0.0019972 0.0225439 0.0047205 0.0236582 0.0150472 0.0056202 0.0303599 0.0206065 0.0297812 0.0308326 0.0137455 0.0164615 -0.0052673 0.0244805 0.0227096 0.0237688 -0.0092280 0.0079266 -0.0204328 -0.0048957 -0.0087117 -0.0092412 -0.0295237 -0.0432722 -0.0256059 -0.0304555 -0.0041060 -0.0081609 0.0029147 0.0006523 0.0221745 -0.0100593 0.0075592 -0.0178645 -0.0345401 0.0263060 0.0211786 0.0070026 0.0196271 -0.0217984 -0.0211004 -0.0351982 -0.0335832 -0.0290054 -0.0150564 -0.0196951 -0.0321209 -0.0320881 -0.0041257 -0.0175910 0.0123036 0.0199161 0.0153037 0.0184095 0.0153423 0.0025853 -0.0199612 -0.0441037 0.0084161 -0.0018765 -0.0060629 -0.0418369 -0.0203471 -0.0018310 -0.0279180 -0.0384185 -0.0266440 0.0040318 -0.0124155 0.0004224 -0.0164755 -0.0168769 -0.0217121 -0.0361926 0.0000157 -0.0443092 -0.0366991 -0.0395837 -0.0133488 -0.0303907 -0.0433962 -0.0357526 -0.0259656 -0.0380044 -0.0162389 -0.0178134 -0.0108835 -0.0352469 -0.0340289 -0.0472803 -0.0431816 -0.0377547 -0.0143063 -0.0409664 -0.0451405 -0.0042128 -0.0004685 -0.0287745 -0.0375754
0.0339859 -0.0040069 -0.0476667 -0.0459579 -0.0034226 -0.0101797 -0.0013899 0.0017496 0.0147771 0.0154828 0.0047014 -0.0127451 -0.0043434 0.0134834 0.0049546 0.0036870 -0.0128335 -0.0252991 0.0145318 0.0040821 0.0274050 -0.0019191 0.0164229 0.0005112 0.0108175 1.1719203 0.0250193 0.0325807 0.0214590 0.0043069 0.0223883 0.0050948 0.0241198 0.0155455 0.0055280 0.0342345 0.0175791 0.0312822 0.0298823 0.0137956 0.0132002 -0.0055796 0.0223675 0.0241071 0.0266252 -0.0098453 0.0105635 -0.0201589 -0.0055320 -0.0103792 -0.0088076 -0.0306069 -0.0436983 -0.0284934 -0.0316902 -0.0046236 -0.0090252 0.0050408 0.0018089 0.0231122 -0.0111211 0.0080868 -0.0180416 -0.0356596 0.0252771 0.0238336 0.0086767 0.0184752 -0.0220573 -0.0213888 -0.0356226 -0.0335261 -0.0274969 -0.0145816 -0.0222605 -0.0332685 -0.0324274 -0.0055491 -0.0195433 0.0114332 0.0191998 0.0148083 0.0185897 0.0151398 0.0052175 -0.0195732 -0.0454894 0.0100865 0.0001524 -0.0074743 -0.0423161 -0.0201520 -0.0020949 -0.0287310 -0.0394114 -0.0276918 0.0058636 -0.0134165 0.0016292 -0.0159425 -0.0196134 -0.0223120 -0.0393800 0.0005102 -0.0443314 -0.0357987 -0.0394397 -0.0126313 -0.0299510 -0.0448790 -0.0376855 -0.0259395 -0.0396768 -0.0168231 -0.0193632 -0.0120097 -0.0374133 -0.0354318 -0.0483332 -0.0444337 -0.0373304 -0.0166128 -0.0407417 -0.0459654 -0.0032827 0.0017959 -0.0265751 -0.0382977
0.0711155 -0.0034829 -0.0973084 -0.0918735 -0.0033128 -0.0171415 -0.0024614 0.0058346 0.0323167 0.0323395 0.0139160 -0.0203295 -0.0058091 0.0306647 0.0164694 0.0135098 -0.0233696 -0.0513342 0.0344713 0.0145532 0.0596095 0.0034306 0.0366446 0.0038456 0.0251338 0.0250193 1.2687352 0.0744179 0.0486928 0.0124825 0.0514278 0.0170270 0.0562785 0.0389223 0.0189460 0.0739897 0.0432961 0.0705037 0.0694867 0.0347763 0.0375310 -0.0082685 0.0539634 0.0543323 0.0560022 -0.0147072 0.0184318 -0.0385091 -0.0068939 -0.0136292 -0.0131189 -0.0579687 -0.0859329 -0.0510632 -0.0582806 -0.0044757 -0.0148988 0.0124650 0.0098157 0.0521657 -0.0164845 0.0220738 -0.0392614 -0.0689957 0.0591292 0.0506768 0.0221435 0.0412761 -0.0421142 -0.0377809 -0.0722847 -0.0667648 -0.0540058 -0.0261708 -0.0382758 -0.0636734 -0.0621547 -0.0072872 -0.0347832 0.0263110 0.0457721 0.0346411 0.0440011 0.0398773 0.0136455 -0.0360799 -0.0874678 0.0244522 0.0043489 -0.0096581 -0.0849292 -0.0405332 0.0023095 -0.0553964 -0.0736440 -0.0528054 0.0123075 -0.0252534 0.0072067 -0.0311108 -0.0341369 -0.0437225 -0.0746603 0.0068662 -0.0901799 -0.0698248 -0.0784442 -0.0227117 -0.0582055 -0.0854576 -0.0725957 -0.0492055 -0.0743235 -0.0295668 -0.0356429 -0.0182397 -0.0688547 -0.0648812 -0.0964271 -0.0881069 -0.0747262 -0.0255451 -0.0774267 -0.0916240 -0.0036567 0.0059825 -0.0510644 -0.0717585
0.0897469 -0.0038598 -0.1203279 -0.1124854 -0.0039211 -0.0210962 -0.0029604 0.0094925 0.0426399 0.0413270 0.0210613 -0.0263295 -0.0057369 0.0393654 0.0236615 0.0170444 -0.0263303 -0.0604950 0.0435235 0.0166049 0.0691135 0.0040009 0.0455634 0.0085788 0.0324565 0.0325807 0.0744179 1.3342067 0.0619618 0.0149384 0.0651983 0.0208910 0.0678537 0.0470391 0.0230530 0.0916127 0.0529477 0.0887217 0.0859019 0.0407220 0.0444805 -0.0101458 0.0663466 0.0657066 0.0698096 -0.0181199 0.0274312 -0.0454620 -0.0079407 -0.0160634 -0.0128169 -0.0733038 -0.1057004 -0.0610809 -0.0711628 -0.0070110 -0.0162334 0.0148445 0.0109399 0.0638982 -0.0201985 0.0284093 -0.0454638 -0.0829632 0.0724801 0.0666544 0.0283526 0.0550118 -0.0506648 -0.0454061 -0.0879761 -0.0797006 -0.0630360 -0.0326250 -0.0468416 -0.0794405 -0.0759498 -0.0066301 -0.0405977 0.0342442 0.0588210 0.0439685 0.0539217 0.0479185 0.0163611 -0.0420387 -0.1086180 0.0289731 0.0079416 -0.0104510 -0.1035331 -0.0482706 0.0047936 -0.0678016 -0.0897734 -0.0641729 0.0189936 -0.0296705 0.0081589 -0.0354414 -0.0387105 -0.0535972 -0.0906732 0.0076619 -0.1104234 -0.0843363 -0.0946047 -0.0279329 -0.0701196 -0.1062024 -0.0868547 -0.0584835 -0.0907579 -0.0369934 -0.0417812 -0.0222323 -0.0832346 -0.0806573 -0.1161533 -0.1065132 -0.0925204 -0.0292783 -0.0975233 -0.1109908 -0.0043100 0.0083646 -0.0603626 -0.0859960
0.0608790 -0.0049724 -0.0801124 -0.0747417 -0.0011234 -0.0155089 -0.0039583 0.0061868 0.0278494 0.0270429 0.0115393 -0.0160426 -0.0039940 0.0268935 0.0124598 0.0100589 -0.0204414 -0.0415131 0.0290350 0.0099085 0.0476860 0.0032779 0.0310627 0.0029917 0.0212055 0.0214590 0.0486928 0.0619618 1.2108412 0.0115392 0.0421967 0.0132820 0.0453744 0.0305101 0.0145118 0.0608832 0.0360966 0.0570256 0.0592362 0.0262566 0.0282486 -0.0069402 0.0417504 0.0454753 0.0477715 -0.0131390 0.0171115 -0.0300179 -0.0063931 -0.0123905 -0.0102910 -0.0485647 -0.0721943 -0.0429866 -0.0487513 -0.0037212 -0.0131461 0.0103475 0.0071429 0.0447038 -0.0155094 0.0174862 -0.0315986 -0.0577840 0.0491204 0.0417396 0.0175391 0.0357987 -0.0339216 -0.0329333 -0.0605492 -0.0546801 -0.0439973 -0.0236506 -0.0324392 -0.0533365 -0.0514833 -0.0076629 -0.0274596 0.0238134 0.0390005 0.0288459 0.0376945 0.0325785 0.0100153 -0.0292033 -0.0727924 0.0190394 0.0050390 -0.0084027 -0.0709459 -0.0322845 0.0018364 -0.0454863 -0.0637915 -0.0455861 0.0122376 -0.0211173 0.0048504 -0.0264176 -0.0296179 -0.0361446 -0.0617122 0.0041217 -0.0738769 -0.0583831 -0.0649811 -0.0196563 -0.0488791 -0.0734188 -0.0614991 -0.0392942 -0.0653346 -0.0233547 -0.0305662 -0.0165151 -0.0583829 -0.0541485 -0.0789178 -0.0717691 -0.0633598 -0.0233202 -0.0658000 -0.0751834 -0.0042653 0.0050305 -0.0438565 -0.0575556
